@relation banana1

@attribute x numeric
@attribute y numeric
@attribute class {1, 2}

@data
0.228,0.559,0
0.216,0.528,0
0.221,0.552,0
0.215,0.538,0
0.224,0.548,0
0.232,0.553,0
0.216,0.525,0
0.225,0.538,0
0.206,0.554,0
0.219,0.582,0
0.216,0.575,0
0.212,0.567,0
0.241,0.551,0
0.238,0.538,0
0.232,0.524,0
0.240,0.545,0
0.223,0.528,0
0.222,0.527,0
0.233,0.562,0
0.190,0.546,0
0.209,0.558,0
0.239,0.559,0
0.240,0.540,0
0.222,0.557,0
0.220,0.539,0
0.233,0.548,0
0.221,0.558,0
0.212,0.564,0
0.244,0.584,0
0.236,0.558,0
0.229,0.532,0
0.230,0.547,0
0.238,0.551,0
0.244,0.540,0
0.238,0.542,0
0.234,0.559,0
0.232,0.534,0
0.226,0.527,0
0.199,0.590,0
0.223,0.552,0
0.226,0.525,0
0.241,0.537,0
0.214,0.517,0
0.213,0.556,0
0.226,0.532,0
0.214,0.565,0
0.223,0.573,0
0.225,0.552,0
0.258,0.554,0
0.208,0.594,0
0.222,0.535,0
0.212,0.547,0
0.210,0.553,0
0.211,0.545,0
0.236,0.551,0
0.229,0.568,0
0.241,0.565,0
0.235,0.546,0
0.220,0.562,0
0.196,0.552,0
0.226,0.539,0
0.211,0.582,0
0.237,0.552,0
0.223,0.560,0
0.226,0.562,0
0.246,0.543,0
0.219,0.551,0
0.232,0.571,0
0.227,0.545,0
0.213,0.566,0
0.235,0.561,0
0.237,0.574,0
0.218,0.523,0
0.227,0.573,0
0.244,0.551,0
0.232,0.555,0
0.239,0.563,0
0.234,0.575,0
0.219,0.564,0
0.253,0.560,0
0.241,0.567,0
0.231,0.532,0
0.228,0.576,0
0.214,0.548,0
0.230,0.587,0
0.234,0.539,0
0.227,0.536,0
0.216,0.544,0
0.228,0.563,0
0.235,0.549,0
0.234,0.589,0
0.203,0.575,0
0.248,0.567,0
0.226,0.537,0
0.213,0.594,0
0.223,0.534,0
0.250,0.579,0
0.207,0.523,0
0.233,0.576,0
0.242,0.584,0
0.221,0.556,0
0.234,0.568,0
0.231,0.580,0
0.228,0.559,0
0.215,0.545,0
0.244,0.573,0
0.225,0.572,0
0.248,0.544,0
0.239,0.550,0
0.230,0.579,0
0.244,0.600,0
0.229,0.571,0
0.224,0.574,0
0.251,0.578,0
0.224,0.560,0
0.260,0.600,0
0.206,0.570,0
0.208,0.589,0
0.218,0.561,0
0.220,0.562,0
0.231,0.607,0
0.203,0.562,0
0.229,0.546,0
0.256,0.553,0
0.245,0.576,0
0.227,0.600,0
0.237,0.559,0
0.236,0.607,0
0.245,0.586,0
0.231,0.581,0
0.215,0.557,0
0.245,0.568,0
0.212,0.560,0
0.213,0.579,0
0.227,0.578,0
0.224,0.593,0
0.221,0.584,0
0.211,0.579,0
0.215,0.610,0
0.230,0.569,0
0.223,0.553,0
0.216,0.578,0
0.222,0.568,0
0.244,0.588,0
0.238,0.557,0
0.240,0.576,0
0.240,0.603,0
0.231,0.591,0
0.239,0.625,0
0.219,0.622,0
0.230,0.565,0
0.227,0.615,0
0.215,0.606,0
0.217,0.613,0
0.234,0.591,0
0.236,0.596,0
0.223,0.559,0
0.229,0.579,0
0.236,0.594,0
0.213,0.595,0
0.243,0.587,0
0.236,0.610,0
0.231,0.591,0
0.216,0.577,0
0.227,0.636,0
0.214,0.598,0
0.237,0.598,0
0.238,0.619,0
0.222,0.591,0
0.226,0.590,0
0.252,0.608,0
0.230,0.582,0
0.228,0.606,0
0.223,0.638,0
0.221,0.616,0
0.226,0.598,0
0.220,0.585,0
0.230,0.589,0
0.210,0.621,0
0.216,0.572,0
0.220,0.589,0
0.237,0.597,0
0.238,0.555,0
0.213,0.608,0
0.223,0.581,0
0.209,0.575,0
0.218,0.590,0
0.252,0.623,0
0.221,0.647,0
0.236,0.582,0
0.218,0.610,0
0.240,0.591,0
0.229,0.612,0
0.210,0.570,0
0.228,0.615,0
0.220,0.628,0
0.225,0.598,0
0.223,0.608,0
0.211,0.603,0
0.211,0.594,0
0.212,0.602,0
0.230,0.571,0
0.259,0.627,0
0.247,0.595,0
0.208,0.625,0
0.218,0.630,0
0.208,0.641,0
0.218,0.602,0
0.226,0.553,0
0.211,0.622,0
0.218,0.600,0
0.219,0.603,0
0.237,0.626,0
0.213,0.609,0
0.215,0.614,0
0.218,0.610,0
0.244,0.592,0
0.221,0.599,0
0.240,0.609,0
0.216,0.613,0
0.231,0.638,0
0.224,0.640,0
0.242,0.595,0
0.261,0.642,0
0.243,0.627,0
0.236,0.609,0
0.217,0.639,0
0.213,0.620,0
0.223,0.585,0
0.222,0.580,0
0.222,0.615,0
0.222,0.620,0
0.221,0.608,0
0.209,0.611,0
0.188,0.631,0
0.231,0.582,0
0.222,0.637,0
0.210,0.648,0
0.218,0.597,0
0.218,0.623,0
0.211,0.613,0
0.228,0.612,0
0.189,0.637,0
0.221,0.619,0
0.223,0.607,0
0.249,0.641,0
0.219,0.606,0
0.245,0.637,0
0.212,0.629,0
0.194,0.595,0
0.223,0.594,0
0.209,0.645,0
0.233,0.612,0
0.220,0.625,0
0.236,0.599,0
0.222,0.655,0
0.246,0.611,0
0.225,0.626,0
0.206,0.577,0
0.224,0.636,0
0.207,0.604,0
0.215,0.629,0
0.226,0.634,0
0.198,0.605,0
0.219,0.635,0
0.215,0.642,0
0.199,0.635,0
0.216,0.617,0
0.239,0.625,0
0.205,0.626,0
0.212,0.629,0
0.221,0.605,0
0.245,0.618,0
0.209,0.629,0
0.225,0.635,0
0.197,0.583,0
0.215,0.621,0
0.204,0.635,0
0.214,0.605,0
0.203,0.634,0
0.224,0.656,0
0.237,0.646,0
0.226,0.651,0
0.255,0.637,0
0.206,0.616,0
0.232,0.616,0
0.221,0.609,0
0.207,0.627,0
0.237,0.643,0
0.222,0.644,0
0.213,0.628,0
0.208,0.613,0
0.223,0.661,0
0.220,0.642,0
0.220,0.639,0
0.200,0.663,0
0.211,0.641,0
0.231,0.607,0
0.224,0.630,0
0.227,0.661,0
0.206,0.606,0
0.207,0.655,0
0.201,0.648,0
0.226,0.642,0
0.231,0.650,0
0.213,0.651,0
0.249,0.680,0
0.219,0.664,0
0.219,0.653,0
0.183,0.657,0
0.225,0.666,0
0.210,0.649,0
0.219,0.638,0
0.182,0.620,0
0.202,0.661,0
0.224,0.624,0
0.196,0.654,0
0.217,0.687,0
0.197,0.669,0
0.254,0.668,0
0.221,0.657,0
0.232,0.660,0
0.230,0.672,0
0.206,0.689,0
0.211,0.697,0
0.200,0.665,0
0.221,0.659,0
0.239,0.644,0
0.218,0.664,0
0.191,0.649,0
0.202,0.637,0
0.223,0.648,0
0.219,0.674,0
0.206,0.671,0
0.229,0.649,0
0.230,0.671,0
0.232,0.653,0
0.219,0.673,0
0.211,0.672,0
0.221,0.654,0
0.195,0.666,0
0.211,0.690,0
0.240,0.699,0
0.186,0.685,0
0.199,0.683,0
0.230,0.653,0
0.204,0.661,0
0.227,0.664,0
0.222,0.710,0
0.218,0.683,0
0.192,0.677,0
0.215,0.680,0
0.223,0.683,0
0.209,0.698,0
0.227,0.677,0
0.241,0.695,0
0.206,0.682,0
0.243,0.702,0
0.236,0.710,0
0.223,0.677,0
0.224,0.687,0
0.211,0.667,0
0.250,0.659,0
0.227,0.668,0
0.219,0.728,0
0.224,0.693,0
0.220,0.675,0
0.211,0.692,0
0.230,0.685,0
0.219,0.694,0
0.227,0.676,0
0.240,0.724,0
0.209,0.711,0
0.239,0.683,0
0.210,0.682,0
0.225,0.703,0
0.233,0.659,0
0.220,0.691,0
0.239,0.701,0
0.224,0.680,0
0.221,0.730,0
0.222,0.703,0
0.196,0.686,0
0.231,0.709,0
0.225,0.700,0
0.209,0.719,0
0.234,0.696,0
0.209,0.734,0
0.238,0.694,0
0.235,0.689,0
0.228,0.723,0
0.206,0.691,0
0.221,0.681,0
0.209,0.713,0
0.228,0.689,0
0.213,0.702,0
0.239,0.681,0
0.211,0.679,0
0.243,0.710,0
0.243,0.733,0
0.221,0.714,0
0.229,0.698,0
0.226,0.662,0
0.232,0.692,0
0.233,0.740,0
0.234,0.721,0
0.219,0.709,0
0.267,0.684,0
0.230,0.710,0
0.219,0.709,0
0.214,0.698,0
0.228,0.705,0
0.233,0.729,0
0.221,0.747,0
0.218,0.703,0
0.251,0.691,0
0.212,0.746,0
0.257,0.767,0
0.234,0.703,0
0.258,0.707,0
0.214,0.748,0
0.209,0.743,0
0.232,0.728,0
0.257,0.728,0
0.246,0.721,0
0.243,0.724,0
0.228,0.770,0
0.217,0.708,0
0.232,0.720,0
0.239,0.732,0
0.242,0.757,0
0.240,0.731,0
0.214,0.749,0
0.214,0.727,0
0.217,0.757,0
0.230,0.769,0
0.244,0.749,0
0.237,0.740,0
0.232,0.754,0
0.246,0.728,0
0.250,0.738,0
0.239,0.764,0
0.228,0.746,0
0.248,0.747,0
0.232,0.786,0
0.214,0.784,0
0.239,0.739,0
0.217,0.710,0
0.243,0.765,0
0.214,0.777,0
0.244,0.761,0
0.256,0.754,0
0.225,0.727,0
0.232,0.761,0
0.241,0.770,0
0.233,0.701,0
0.217,0.744,0
0.240,0.745,0
0.259,0.783,0
0.248,0.748,0
0.247,0.756,0
0.230,0.787,0
0.243,0.777,0
0.234,0.783,0
0.234,0.741,0
0.226,0.766,0
0.239,0.768,0
0.237,0.795,0
0.229,0.772,0
0.241,0.742,0
0.229,0.744,0
0.245,0.760,0
0.251,0.776,0
0.245,0.772,0
0.225,0.763,0
0.233,0.722,0
0.261,0.770,0
0.237,0.763,0
0.237,0.751,0
0.241,0.753,0
0.225,0.757,0
0.251,0.784,0
0.252,0.736,0
0.248,0.779,0
0.239,0.774,0
0.256,0.745,0
0.243,0.755,0
0.255,0.785,0
0.220,0.780,0
0.251,0.757,0
0.239,0.752,0
0.266,0.776,0
0.219,0.786,0
0.232,0.794,0
0.253,0.726,0
0.244,0.756,0
0.245,0.803,0
0.242,0.758,0
0.248,0.792,0
0.227,0.796,0
0.247,0.777,0
0.232,0.770,0
0.238,0.801,0
0.233,0.751,0
0.233,0.774,0
0.250,0.776,0
0.243,0.756,0
0.258,0.797,0
0.256,0.824,0
0.244,0.798,0
0.246,0.756,0
0.263,0.757,0
0.274,0.772,0
0.245,0.782,0
0.256,0.787,0
0.235,0.778,0
0.256,0.746,0
0.247,0.789,0
0.252,0.789,0
0.262,0.789,0
0.242,0.775,0
0.243,0.807,0
0.260,0.766,0
0.263,0.795,0
0.252,0.801,0
0.257,0.795,0
0.245,0.785,0
0.252,0.792,0
0.258,0.799,0
0.243,0.796,0
0.265,0.792,0
0.259,0.818,0
0.268,0.787,0
0.257,0.810,0
0.242,0.804,0
0.252,0.794,0
0.253,0.809,0
0.275,0.781,0
0.251,0.787,0
0.255,0.792,0
0.270,0.818,0
0.252,0.805,0
0.261,0.810,0
0.245,0.822,0
0.256,0.793,0
0.273,0.795,0
0.242,0.812,0
0.244,0.820,0
0.269,0.796,0
0.266,0.810,0
0.262,0.804,0
0.272,0.780,0
0.282,0.806,0
0.272,0.793,0
0.283,0.813,0
0.263,0.835,0
0.262,0.797,0
0.269,0.804,0
0.256,0.790,0
0.278,0.825,0
0.261,0.780,0
0.263,0.797,0
0.226,0.832,0
0.291,0.812,0
0.262,0.788,0
0.249,0.807,0
0.282,0.814,0
0.243,0.825,0
0.253,0.786,0
0.269,0.800,0
0.272,0.810,0
0.269,0.777,0
0.275,0.804,0
0.272,0.801,0
0.253,0.795,0
0.265,0.793,0
0.265,0.815,0
0.255,0.835,0
0.249,0.824,0
0.262,0.810,0
0.257,0.834,0
0.277,0.789,0
0.269,0.833,0
0.251,0.818,0
0.273,0.821,0
0.263,0.832,0
0.258,0.812,0
0.247,0.824,0
0.278,0.799,0
0.274,0.843,0
0.270,0.821,0
0.258,0.820,0
0.276,0.825,0
0.261,0.813,0
0.275,0.799,0
0.273,0.815,0
0.262,0.863,0
0.270,0.817,0
0.270,0.804,0
0.275,0.810,0
0.266,0.816,0
0.261,0.816,0
0.290,0.812,0
0.275,0.811,0
0.266,0.802,0
0.292,0.797,0
0.260,0.800,0
0.263,0.840,0
0.276,0.838,0
0.261,0.831,0
0.277,0.821,0
0.284,0.835,0
0.243,0.840,0
0.269,0.827,0
0.280,0.820,0
0.278,0.831,0
0.264,0.824,0
0.293,0.841,0
0.252,0.828,0
0.277,0.829,0
0.276,0.829,0
0.287,0.858,0
0.281,0.832,0
0.288,0.832,0
0.267,0.806,0
0.284,0.812,0
0.280,0.860,0
0.258,0.823,0
0.290,0.860,0
0.269,0.801,0
0.270,0.849,0
0.289,0.831,0
0.279,0.846,0
0.283,0.824,0
0.298,0.817,0
0.299,0.818,0
0.277,0.837,0
0.255,0.857,0
0.269,0.804,0
0.294,0.819,0
0.277,0.833,0
0.269,0.814,0
0.258,0.825,0
0.263,0.844,0
0.273,0.851,0
0.293,0.798,0
0.292,0.844,0
0.272,0.822,0
0.295,0.817,0
0.295,0.828,0
0.300,0.835,0
0.304,0.861,0
0.303,0.821,0
0.274,0.834,0
0.303,0.834,0
0.298,0.816,0
0.310,0.835,0
0.286,0.835,0
0.282,0.848,0
0.310,0.841,0
0.270,0.859,0
0.283,0.825,0
0.269,0.846,0
0.306,0.849,0
0.298,0.823,0
0.275,0.826,0
0.285,0.842,0
0.323,0.812,0
0.291,0.859,0
0.301,0.823,0
0.289,0.878,0
0.278,0.801,0
0.298,0.818,0
0.294,0.860,0
0.287,0.840,0
0.310,0.869,0
0.284,0.854,0
0.298,0.857,0
0.288,0.838,0
0.271,0.801,0
0.309,0.851,0
0.306,0.841,0
0.303,0.891,0
0.287,0.846,0
0.295,0.866,0
0.274,0.826,0
0.296,0.812,0
0.306,0.841,0
0.314,0.881,0
0.299,0.863,0
0.308,0.825,0
0.314,0.805,0
0.307,0.870,0
0.294,0.854,0
0.310,0.848,0
0.297,0.858,0
0.290,0.858,0
0.296,0.869,0
0.288,0.860,0
0.325,0.877,0
0.289,0.867,0
0.316,0.868,0
0.317,0.842,0
0.267,0.861,0
0.303,0.866,0
0.309,0.840,0
0.306,0.877,0
0.310,0.851,0
0.313,0.870,0
0.305,0.868,0
0.303,0.843,0
0.309,0.866,0
0.315,0.858,0
0.300,0.841,0
0.310,0.871,0
0.317,0.852,0
0.299,0.884,0
0.306,0.851,0
0.316,0.874,0
0.308,0.855,0
0.305,0.836,0
0.301,0.876,0
0.329,0.848,0
0.318,0.863,0
0.306,0.886,0
0.328,0.845,0
0.292,0.830,0
0.307,0.872,0
0.312,0.842,0
0.308,0.872,0
0.307,0.838,0
0.330,0.856,0
0.318,0.872,0
0.320,0.869,0
0.327,0.895,0
0.322,0.905,0
0.316,0.883,0
0.323,0.854,0
0.326,0.893,0
0.320,0.880,0
0.304,0.867,0
0.308,0.874,0
0.346,0.883,0
0.331,0.854,0
0.323,0.864,0
0.348,0.870,0
0.334,0.851,0
0.338,0.844,0
0.331,0.885,0
0.328,0.902,0
0.337,0.862,0
0.330,0.855,0
0.356,0.866,0
0.338,0.860,0
0.353,0.875,0
0.340,0.859,0
0.345,0.847,0
0.357,0.855,0
0.339,0.836,0
0.360,0.836,0
0.327,0.869,0
0.339,0.855,0
0.346,0.871,0
0.382,0.837,0
0.345,0.868,0
0.351,0.846,0
0.330,0.847,0
0.351,0.862,0
0.347,0.857,0
0.353,0.866,0
0.342,0.870,0
0.335,0.891,0
0.351,0.870,0
0.357,0.851,0
0.335,0.848,0
0.350,0.876,0
0.349,0.836,0
0.360,0.866,0
0.360,0.889,0
0.357,0.885,0
0.388,0.857,0
0.371,0.884,0
0.336,0.859,0
0.334,0.846,0
0.362,0.878,0
0.333,0.839,0
0.330,0.849,0
0.357,0.880,0
0.343,0.881,0
0.356,0.892,0
0.339,0.877,0
0.357,0.893,0
0.339,0.881,0
0.350,0.891,0
0.360,0.860,0
0.355,0.835,0
0.343,0.872,0
0.374,0.843,0
0.353,0.850,0
0.368,0.887,0
0.331,0.894,0
0.366,0.855,0
0.332,0.869,0
0.367,0.864,0
0.355,0.864,0
0.362,0.866,0
0.377,0.879,0
0.363,0.860,0
0.354,0.841,0
0.341,0.857,0
0.376,0.858,0
0.329,0.880,0
0.356,0.852,0
0.350,0.886,0
0.338,0.864,0
0.350,0.857,0
0.366,0.886,0
0.374,0.877,0
0.365,0.847,0
0.383,0.872,0
0.344,0.898,0
0.367,0.888,0
0.370,0.885,0
0.364,0.886,0
0.359,0.899,0
0.378,0.850,0
0.353,0.842,0
0.361,0.862,0
0.371,0.863,0
0.386,0.902,0
0.385,0.886,0
0.366,0.901,0
0.362,0.886,0
0.397,0.863,0
0.381,0.872,0
0.401,0.878,0
0.380,0.852,0
0.381,0.892,0
0.389,0.860,0
0.368,0.880,0
0.352,0.886,0
0.380,0.886,0
0.381,0.878,0
0.359,0.873,0
0.393,0.875,0
0.377,0.870,0
0.370,0.861,0
0.395,0.864,0
0.385,0.872,0
0.372,0.869,0
0.382,0.902,0
0.391,0.869,0
0.390,0.884,0
0.375,0.834,0
0.379,0.856,0
0.394,0.850,0
0.407,0.862,0
0.375,0.884,0
0.394,0.880,0
0.392,0.887,0
0.414,0.880,0
0.408,0.874,0
0.376,0.854,0
0.404,0.866,0
0.402,0.890,0
0.382,0.860,0
0.378,0.876,0
0.403,0.864,0
0.398,0.881,0
0.385,0.877,0
0.401,0.881,0
0.399,0.888,0
0.408,0.868,0
0.392,0.903,0
0.401,0.865,0
0.409,0.867,0
0.395,0.864,0
0.370,0.882,0
0.392,0.873,0
0.396,0.882,0
0.382,0.865,0
0.408,0.855,0
0.395,0.894,0
0.404,0.897,0
0.391,0.877,0
0.379,0.880,0
0.389,0.855,0
0.411,0.824,0
0.393,0.883,0
0.396,0.825,0
0.409,0.864,0
0.398,0.892,0
0.410,0.888,0
0.394,0.868,0
0.392,0.843,0
0.411,0.861,0
0.406,0.877,0
0.422,0.852,0
0.408,0.893,0
0.406,0.903,0
0.400,0.908,0
0.429,0.858,0
0.406,0.864,0
0.418,0.857,0
0.428,0.831,0
0.439,0.872,0
0.414,0.872,0
0.431,0.873,0
0.416,0.846,0
0.401,0.877,0
0.401,0.872,0
0.422,0.866,0
0.428,0.849,0
0.463,0.868,0
0.435,0.895,0
0.413,0.872,0
0.430,0.893,0
0.434,0.855,0
0.415,0.882,0
0.411,0.854,0
0.442,0.871,0
0.420,0.868,0
0.442,0.866,0
0.431,0.877,0
0.427,0.865,0
0.426,0.882,0
0.430,0.846,0
0.445,0.880,0
0.423,0.845,0
0.430,0.878,0
0.429,0.848,0
0.460,0.852,0
0.431,0.861,0
0.454,0.847,0
0.418,0.837,0
0.436,0.855,0
0.451,0.819,0
0.423,0.873,0
0.463,0.863,0
0.456,0.850,0
0.442,0.863,0
0.449,0.877,0
0.449,0.878,0
0.468,0.878,0
0.452,0.864,0
0.451,0.850,0
0.462,0.844,0
0.464,0.860,0
0.459,0.864,0
0.449,0.880,0
0.451,0.858,0
0.462,0.861,0
0.459,0.901,0
0.469,0.852,0
0.442,0.878,0
0.468,0.872,0
0.452,0.866,0
0.437,0.861,0
0.454,0.857,0
0.428,0.861,0
0.468,0.827,0
0.452,0.830,0
0.473,0.880,0
0.472,0.890,0
0.457,0.870,0
0.435,0.892,0
0.441,0.881,0
0.459,0.891,0
0.448,0.863,0
0.461,0.860,0
0.442,0.853,0
0.479,0.875,0
0.456,0.839,0
0.453,0.890,0
0.457,0.851,0
0.456,0.854,0
0.481,0.842,0
0.474,0.847,0
0.452,0.860,0
0.474,0.830,0
0.481,0.866,0
0.448,0.838,0
0.463,0.883,0
0.476,0.862,0
0.480,0.890,0
0.459,0.859,0
0.484,0.875,0
0.453,0.882,0
0.507,0.848,0
0.461,0.872,0
0.467,0.842,0
0.467,0.843,0
0.492,0.844,0
0.457,0.855,0
0.492,0.824,0
0.485,0.838,0
0.452,0.862,0
0.477,0.821,0
0.475,0.832,0
0.483,0.829,0
0.484,0.831,0
0.482,0.816,0
0.516,0.868,0
0.494,0.853,0
0.499,0.825,0
0.493,0.823,0
0.494,0.852,0
0.524,0.856,0
0.485,0.850,0
0.477,0.846,0
0.471,0.811,0
0.490,0.839,0
0.511,0.845,0
0.520,0.827,0
0.498,0.828,0
0.489,0.815,0
0.486,0.867,0
0.491,0.844,0
0.489,0.831,0
0.507,0.852,0
0.495,0.840,0
0.530,0.860,0
0.484,0.855,0
0.491,0.853,0
0.505,0.860,0
0.514,0.844,0
0.505,0.815,0
0.496,0.853,0
0.504,0.810,0
0.479,0.861,0
0.530,0.850,0
0.531,0.838,0
0.511,0.831,0
0.504,0.846,0
0.505,0.844,0
0.492,0.838,0
0.499,0.867,0
0.515,0.868,0
0.488,0.843,0
0.491,0.816,0
0.500,0.855,0
0.507,0.852,0
0.515,0.836,0
0.525,0.853,0
0.511,0.839,0
0.517,0.826,0
0.532,0.813,0
0.534,0.824,0
0.517,0.834,0
0.520,0.814,0
0.504,0.819,0
0.518,0.818,0
0.520,0.816,0
0.526,0.840,0
0.520,0.808,0
0.512,0.830,0
0.527,0.822,0
0.508,0.792,0
0.543,0.813,0
0.516,0.799,0
0.517,0.813,0
0.518,0.807,0
0.515,0.805,0
0.544,0.801,0
0.535,0.803,0
0.541,0.829,0
0.512,0.810,0
0.488,0.786,0
0.508,0.820,0
0.528,0.828,0
0.535,0.840,0
0.533,0.827,0
0.525,0.800,0
0.518,0.803,0
0.548,0.772,0
0.541,0.794,0
0.532,0.818,0
0.541,0.775,0
0.549,0.798,0
0.528,0.810,0
0.524,0.798,0
0.553,0.794,0
0.535,0.808,0
0.542,0.790,0
0.529,0.815,0
0.536,0.804,0
0.542,0.780,0
0.552,0.763,0
0.529,0.780,0
0.532,0.781,0
0.552,0.783,0
0.551,0.758,0
0.543,0.793,0
0.558,0.777,0
0.574,0.794,0
0.563,0.749,0
0.556,0.772,0
0.540,0.789,0
0.558,0.794,0
0.571,0.777,0
0.549,0.770,0
0.552,0.787,0
0.552,0.768,0
0.529,0.760,0
0.518,0.783,0
0.551,0.790,0
0.533,0.768,0
0.533,0.781,0
0.543,0.785,0
0.542,0.788,0
0.539,0.781,0
0.568,0.807,0
0.552,0.793,0
0.529,0.760,0
0.538,0.781,0
0.577,0.795,0
0.540,0.806,0
0.561,0.792,0
0.530,0.774,0
0.537,0.790,0
0.565,0.775,0
0.548,0.803,0
0.526,0.749,0
0.548,0.776,0
0.553,0.776,0
0.552,0.763,0
0.544,0.768,0
0.541,0.766,0
0.567,0.761,0
0.558,0.759,0
0.541,0.725,0
0.577,0.771,0
0.550,0.757,0
0.569,0.746,0
0.578,0.743,0
0.544,0.765,0
0.570,0.761,0
0.582,0.787,0
0.578,0.781,0
0.572,0.789,0
0.569,0.767,0
0.571,0.796,0
0.552,0.769,0
0.562,0.747,0
0.567,0.763,0
0.579,0.727,0
0.560,0.767,0
0.582,0.731,0
0.547,0.775,0
0.576,0.769,0
0.581,0.752,0
0.576,0.753,0
0.558,0.784,0
0.579,0.739,0
0.568,0.734,0
0.549,0.756,0
0.568,0.741,0
0.567,0.731,0
0.551,0.774,0
0.568,0.753,0
0.583,0.766,0
0.577,0.714,0
0.563,0.753,0
0.562,0.765,0
0.553,0.755,0
0.575,0.749,0
0.579,0.762,0
0.593,0.767,0
0.564,0.744,0
0.554,0.741,0
0.565,0.731,0
0.576,0.767,0
0.581,0.767,0
0.567,0.735,0
0.561,0.743,0
0.550,0.730,0
0.567,0.754,0
0.558,0.724,0
0.577,0.757,0
0.575,0.733,0
0.581,0.752,0
0.552,0.762,0
0.563,0.734,0
0.581,0.731,0
0.549,0.768,0
0.558,0.697,0
0.562,0.739,0
0.564,0.713,0
0.569,0.722,0
0.580,0.735,0
0.572,0.740,0
0.580,0.739,0
0.571,0.741,0
0.560,0.759,0
0.574,0.709,0
0.594,0.686,0
0.577,0.742,0
0.586,0.742,0
0.591,0.732,0
0.573,0.734,0
0.565,0.725,0
0.582,0.717,0
0.586,0.712,0
0.577,0.732,0
0.602,0.740,0
0.574,0.743,0
0.575,0.706,0
0.577,0.730,0
0.587,0.740,0
0.592,0.719,0
0.579,0.699,0
0.573,0.751,0
0.597,0.714,0
0.597,0.718,0
0.588,0.733,0
0.598,0.718,0
0.598,0.724,0
0.603,0.723,0
0.612,0.694,0
0.584,0.713,0
0.588,0.754,0
0.585,0.716,0
0.578,0.757,0
0.610,0.735,0
0.616,0.703,0
0.591,0.714,0
0.574,0.701,0
0.581,0.703,0
0.596,0.689,0
0.597,0.692,0
0.577,0.716,0
0.581,0.695,0
0.588,0.694,0
0.588,0.722,0
0.577,0.712,0
0.604,0.729,0
0.607,0.699,0
0.588,0.694,0
0.596,0.702,0
0.607,0.723,0
0.592,0.696,0
0.587,0.659,0
0.589,0.690,0
0.592,0.679,0
0.598,0.702,0
0.591,0.667,0
0.606,0.715,0
0.593,0.699,0
0.590,0.704,0
0.597,0.683,0
0.607,0.678,0
0.609,0.660,0
0.600,0.715,0
0.595,0.705,0
0.611,0.677,0
0.580,0.681,0
0.590,0.663,0
0.602,0.688,0
0.600,0.667,0
0.609,0.699,0
0.602,0.710,0
0.565,0.691,0
0.612,0.684,0
0.588,0.684,0
0.594,0.668,0
0.586,0.671,0
0.588,0.681,0
0.613,0.681,0
0.597,0.676,0
0.603,0.691,0
0.584,0.679,0
0.612,0.683,0
0.592,0.655,0
0.607,0.662,0
0.593,0.662,0
0.626,0.673,0
0.576,0.680,0
0.613,0.664,0
0.592,0.673,0
0.593,0.663,0
0.619,0.691,0
0.586,0.669,0
0.602,0.643,0
0.607,0.647,0
0.587,0.673,0
0.605,0.638,0
0.600,0.660,0
0.613,0.655,0
0.610,0.662,0
0.626,0.671,0
0.620,0.623,0
0.611,0.665,0
0.593,0.657,0
0.603,0.683,0
0.590,0.662,0
0.607,0.682,0
0.601,0.652,0
0.605,0.645,0
0.619,0.636,0
0.601,0.641,0
0.638,0.633,0
0.604,0.622,0
0.606,0.626,0
0.610,0.615,0
0.592,0.647,0
0.593,0.628,0
0.603,0.659,0
0.602,0.655,0
0.593,0.618,0
0.608,0.654,0
0.610,0.638,0
0.609,0.630,0
0.605,0.591,0
0.596,0.614,0
0.610,0.622,0
0.626,0.645,0
0.597,0.664,0
0.582,0.595,0
0.616,0.633,0
0.592,0.633,0
0.570,0.624,0
0.629,0.605,0
0.606,0.638,0
0.587,0.606,0
0.595,0.587,0
0.570,0.614,0
0.600,0.637,0
0.604,0.619,0
0.587,0.617,0
0.602,0.622,0
0.617,0.629,0
0.597,0.618,0
0.579,0.594,0
0.584,0.641,0
0.601,0.605,0
0.592,0.617,0
0.600,0.605,0
0.597,0.623,0
0.594,0.625,0
0.595,0.580,0
0.592,0.596,0
0.596,0.619,0
0.612,0.605,0
0.619,0.576,0
0.592,0.595,0
0.615,0.618,0
0.605,0.590,0
0.578,0.622,0
0.589,0.613,0
0.615,0.570,0
0.576,0.599,0
0.583,0.583,0
0.597,0.592,0
0.593,0.615,0
0.620,0.598,0
0.585,0.570,0
0.568,0.597,0
0.583,0.581,0
0.578,0.597,0
0.589,0.589,0
0.591,0.590,0
0.591,0.594,0
0.597,0.598,0
0.577,0.574,0
0.586,0.598,0
0.578,0.577,0
0.575,0.609,0
0.610,0.586,0
0.598,0.561,0
0.586,0.598,0
0.587,0.596,0
0.621,0.559,0
0.617,0.597,0
0.582,0.556,0
0.595,0.603,0
0.624,0.571,0
0.591,0.590,0
0.604,0.604,0
0.623,0.574,0
0.590,0.587,0
0.617,0.551,0
0.590,0.567,0
0.585,0.605,0
0.575,0.555,0
0.621,0.554,0
0.613,0.567,0
0.594,0.606,0
0.598,0.592,0
0.586,0.550,0
0.580,0.584,0
0.577,0.572,0
0.613,0.554,0
0.600,0.576,0
0.581,0.586,0
0.589,0.586,0
0.577,0.557,0
0.596,0.566,0
0.603,0.554,0
0.584,0.561,0
0.600,0.589,0
0.610,0.585,0
0.601,0.583,0
0.574,0.565,0
0.599,0.575,0
0.581,0.588,0
0.594,0.580,0
0.604,0.555,0
0.593,0.558,0
0.588,0.559,0
0.591,0.561,0
0.596,0.589,0
0.595,0.565,0
0.600,0.556,0
0.589,0.583,0
0.613,0.558,0
0.610,0.559,0
0.598,0.552,0
0.603,0.556,0
0.614,0.541,0
0.603,0.553,0
0.598,0.539,0
0.582,0.577,0
0.607,0.564,0
0.606,0.532,0
0.584,0.565,0
0.598,0.578,0
0.597,0.560,0
0.616,0.554,0
0.600,0.530,0
0.578,0.549,0
0.617,0.557,0
0.632,0.543,0
0.598,0.577,0
0.606,0.549,0
0.572,0.570,0
0.594,0.579,0
0.605,0.563,0
0.599,0.547,0
0.595,0.597,0
0.574,0.541,0
0.597,0.515,0
0.600,0.529,0
0.607,0.562,0
0.607,0.540,0
0.620,0.538,0
0.611,0.574,0
0.618,0.576,0
0.606,0.572,0
0.598,0.526,0
0.598,0.530,0
0.594,0.540,0
0.587,0.535,0
0.573,0.541,0
0.584,0.542,0
0.591,0.560,0
0.606,0.578,0
0.612,0.570,0
0.622,0.540,0
0.633,0.549,0
0.587,0.572,0
0.568,0.535,0
0.590,0.549,0
0.604,0.520,0
0.597,0.574,0
0.601,0.572,0
0.590,0.555,0
0.616,0.520,0
0.602,0.539,0
0.609,0.543,0
0.605,0.521,0
0.597,0.526,0
0.603,0.525,0
0.608,0.518,0
0.603,0.526,0
0.608,0.565,0
0.615,0.547,0
0.623,0.566,0
0.620,0.566,0
0.601,0.564,0
0.589,0.501,0
0.591,0.560,0
0.606,0.528,0
0.599,0.560,0
0.591,0.520,0
0.585,0.557,0
0.592,0.549,0
0.598,0.552,0
0.601,0.515,0
0.593,0.532,0
0.627,0.574,0
0.606,0.539,0
0.615,0.573,0
0.599,0.514,0
0.598,0.553,0
0.600,0.544,0
0.606,0.555,0
0.615,0.557,0
0.601,0.561,0
0.623,0.571,0
0.610,0.564,0
0.589,0.537,0
0.610,0.559,0
0.610,0.568,0
0.599,0.549,0
0.576,0.507,0
0.607,0.554,0
0.604,0.580,0
0.633,0.585,0
0.602,0.560,0
0.619,0.548,0
0.615,0.580,0
0.591,0.550,0
0.615,0.577,0
0.603,0.538,0
0.613,0.607,0
0.602,0.566,0
0.607,0.587,0
0.611,0.584,0
0.624,0.562,0
0.628,0.554,0
0.634,0.589,0
0.621,0.577,0
0.615,0.561,0
0.592,0.542,0
0.622,0.602,0
0.622,0.612,0
0.611,0.559,0
0.614,0.563,0
0.620,0.549,0
0.616,0.554,0
0.634,0.590,0
0.614,0.587,0
0.597,0.590,0
0.616,0.609,0
0.615,0.581,0
0.616,0.575,0
0.610,0.597,0
0.608,0.591,0
0.609,0.554,0
0.615,0.564,0
0.640,0.609,0
0.616,0.579,0
0.632,0.577,0
0.602,0.602,0
0.619,0.594,0
0.595,0.608,0
0.620,0.565,0
0.631,0.597,0
0.618,0.589,0
0.616,0.632,0
0.608,0.609,0
0.610,0.583,0
0.602,0.554,0
0.595,0.618,0
0.590,0.625,0
0.635,0.629,0
0.625,0.615,0
0.621,0.635,0
0.614,0.640,0
0.600,0.600,0
0.604,0.625,0
0.612,0.634,0
0.617,0.612,0
0.619,0.625,0
0.623,0.611,0
0.642,0.609,0
0.609,0.649,0
0.622,0.621,0
0.632,0.610,0
0.628,0.638,0
0.595,0.627,0
0.625,0.612,0
0.633,0.613,0
0.608,0.632,0
0.600,0.620,0
0.620,0.655,0
0.568,0.678,0
0.589,0.617,0
0.629,0.647,0
0.599,0.625,0
0.619,0.630,0
0.605,0.665,0
0.612,0.626,0
0.623,0.649,0
0.610,0.634,0
0.579,0.648,0
0.592,0.660,0
0.578,0.655,0
0.620,0.632,0
0.607,0.657,0
0.590,0.635,0
0.611,0.659,0
0.611,0.669,0
0.608,0.681,0
0.607,0.633,0
0.601,0.674,0
0.600,0.676,0
0.581,0.686,0
0.618,0.668,0
0.601,0.677,0
0.603,0.680,0
0.606,0.674,0
0.606,0.692,0
0.593,0.666,0
0.599,0.646,0
0.601,0.672,0
0.602,0.678,0
0.599,0.676,0
0.607,0.676,0
0.576,0.661,0
0.593,0.668,0
0.583,0.672,0
0.600,0.673,0
0.604,0.715,0
0.587,0.670,0
0.611,0.675,0
0.576,0.693,0
0.577,0.679,0
0.584,0.676,0
0.617,0.681,0
0.596,0.684,0
0.601,0.682,0
0.602,0.710,0
0.603,0.704,0
0.601,0.669,0
0.590,0.714,0
0.591,0.676,0
0.584,0.680,0
0.584,0.698,0
0.600,0.703,0
0.590,0.709,0
0.584,0.744,0
0.578,0.728,0
0.579,0.717,0
0.598,0.754,0
0.612,0.708,0
0.597,0.743,0
0.575,0.721,0
0.575,0.726,0
0.591,0.733,0
0.588,0.719,0
0.574,0.691,0
0.578,0.729,0
0.583,0.713,0
0.589,0.710,0
0.557,0.732,0
0.578,0.752,0
0.586,0.730,0
0.576,0.739,0
0.546,0.688,0
0.569,0.720,0
0.572,0.754,0
0.563,0.743,0
0.558,0.757,0
0.580,0.735,0
0.599,0.768,0
0.569,0.734,0
0.545,0.748,0
0.576,0.719,0
0.525,0.735,0
0.558,0.751,0
0.548,0.771,0
0.572,0.749,0
0.577,0.784,0
0.599,0.741,0
0.574,0.795,0
0.552,0.785,0
0.548,0.762,0
0.580,0.780,0
0.558,0.762,0
0.571,0.739,0
0.574,0.776,0
0.525,0.789,0
0.576,0.770,0
0.560,0.790,0
0.547,0.766,0
0.568,0.763,0
0.573,0.744,0
0.575,0.745,0
0.553,0.757,0
0.561,0.766,0
0.562,0.796,0
0.546,0.773,0
0.554,0.776,0
0.565,0.790,0
0.567,0.773,0
0.554,0.794,0
0.559,0.753,0
0.576,0.762,0
0.546,0.776,0
0.563,0.763,0
0.563,0.770,0
0.535,0.809,0
0.551,0.786,0
0.562,0.792,0
0.541,0.800,0
0.533,0.793,0
0.546,0.769,0
0.538,0.810,0
0.564,0.766,0
0.533,0.795,0
0.528,0.798,0
0.531,0.819,0
0.523,0.794,0
0.550,0.794,0
0.545,0.822,0
0.528,0.800,0
0.522,0.839,0
0.512,0.829,0
0.524,0.799,0
0.518,0.836,0
0.515,0.803,0
0.546,0.792,0
0.522,0.849,0
0.526,0.858,0
0.529,0.828,0
0.508,0.817,0
0.512,0.841,0
0.523,0.842,0
0.509,0.834,0
0.520,0.826,0
0.515,0.814,0
0.542,0.820,0
0.506,0.810,0
0.500,0.807,0
0.500,0.836,0
0.521,0.840,0
0.503,0.843,0
0.510,0.840,0
0.489,0.819,0
0.497,0.828,0
0.484,0.810,0
0.509,0.809,0
0.512,0.807,0
0.518,0.833,0
0.519,0.817,0
0.522,0.842,0
0.491,0.846,0
0.502,0.826,0
0.485,0.828,0
0.506,0.867,0
0.498,0.834,0
0.477,0.844,0
0.504,0.822,0
0.478,0.789,0
0.477,0.855,0
0.508,0.847,0
0.471,0.830,0
0.482,0.843,0
0.482,0.829,0
0.473,0.835,0
0.496,0.846,0
0.495,0.851,0
0.489,0.830,0
0.461,0.807,0
0.494,0.832,0
0.471,0.865,0
0.500,0.858,0
0.488,0.846,0
0.453,0.836,0
0.470,0.820,0
0.466,0.894,0
0.464,0.859,0
0.491,0.851,0
0.465,0.857,0
0.464,0.853,0
0.473,0.835,0
0.453,0.835,0
0.473,0.856,0
0.472,0.871,0
0.455,0.848,0
0.465,0.863,0
0.483,0.849,0
0.469,0.867,0
0.466,0.868,0
0.454,0.852,0
0.442,0.831,0
0.450,0.867,0
0.452,0.853,0
0.449,0.858,0
0.445,0.870,0
0.460,0.874,0
0.450,0.867,0
0.443,0.840,0
0.433,0.879,0
0.439,0.852,0
0.428,0.867,0
0.451,0.848,0
0.443,0.850,0
0.450,0.904,0
0.426,0.846,0
0.431,0.881,0
0.426,0.847,0
0.432,0.886,0
0.425,0.843,0
0.424,0.881,0
0.424,0.855,0
0.438,0.857,0
0.415,0.863,0
0.415,0.854,0
0.433,0.853,0
0.419,0.881,0
0.417,0.859,0
0.426,0.852,0
0.420,0.858,0
0.429,0.840,0
0.420,0.855,0
0.417,0.839,0
0.424,0.836,0
0.442,0.876,0
0.425,0.861,0
0.440,0.847,0
0.418,0.854,0
0.422,0.860,0
0.421,0.869,0
0.406,0.864,0
0.418,0.863,0
0.413,0.849,0
0.399,0.879,0
0.398,0.861,0
0.403,0.889,0
0.399,0.828,0
0.406,0.889,0
0.407,0.856,0
0.376,0.851,0
0.415,0.824,0
0.425,0.848,0
0.391,0.874,0
0.400,0.854,0
0.386,0.859,0
0.377,0.848,0
0.418,0.851,0
0.398,0.862,0
0.398,0.830,0
0.388,0.870,0
0.399,0.829,0
0.387,0.846,0
0.381,0.857,0
0.401,0.858,0
0.407,0.851,0
0.395,0.854,0
0.349,0.838,0
0.380,0.825,0
0.384,0.855,0
0.399,0.846,0
0.394,0.864,0
0.375,0.832,0
0.367,0.826,0
0.355,0.870,0
0.355,0.828,0
0.354,0.859,0
0.381,0.859,0
0.401,0.843,0
0.340,0.845,0
0.356,0.864,0
0.369,0.850,0
0.373,0.853,0
0.348,0.826,0
0.379,0.857,0
0.346,0.855,0
0.365,0.850,0
0.381,0.857,0
0.360,0.871,0
0.348,0.857,0
0.377,0.829,0
0.340,0.833,0
0.346,0.864,0
0.349,0.869,0
0.353,0.859,0
0.340,0.874,0
0.304,0.865,0
0.330,0.871,0
0.342,0.889,0
0.318,0.858,0
0.345,0.926,0
0.332,0.828,0
0.338,0.835,0
0.341,0.859,0
0.350,0.848,0
0.346,0.816,0
0.322,0.831,0
0.325,0.851,0
0.339,0.849,0
0.328,0.881,0
0.323,0.873,0
0.332,0.874,0
0.307,0.846,0
0.313,0.824,0
0.324,0.858,0
0.318,0.898,0
0.322,0.868,0
0.336,0.839,0
0.288,0.851,0
0.302,0.859,0
0.339,0.841,0
0.309,0.880,0
0.336,0.849,0
0.342,0.879,0
0.321,0.831,0
0.300,0.844,0
0.308,0.822,0
0.290,0.838,0
0.317,0.839,0
0.320,0.839,0
0.318,0.848,0
0.298,0.802,0
0.312,0.819,0
0.329,0.829,0
0.306,0.840,0
0.320,0.892,0
0.317,0.822,0
0.318,0.826,0
0.317,0.868,0
0.304,0.880,0
0.319,0.831,0
0.317,0.872,0
0.300,0.864,0
0.313,0.825,0
0.301,0.810,0
0.294,0.842,0
0.310,0.863,0
0.293,0.822,0
0.300,0.843,0
0.300,0.836,0
0.304,0.826,0
0.298,0.804,0
0.310,0.830,0
0.295,0.822,0
0.280,0.829,0
0.326,0.833,0
0.297,0.844,0
0.303,0.806,0
0.294,0.809,0
0.304,0.805,0
0.287,0.836,0
0.277,0.811,0
0.275,0.874,0
0.292,0.823,0
0.286,0.824,0
0.281,0.780,0
0.287,0.804,0
0.306,0.792,0
0.315,0.809,0
0.302,0.823,0
0.275,0.788,0
0.275,0.786,0
0.278,0.804,0
0.285,0.828,0
0.296,0.803,0
0.289,0.809,0
0.295,0.809,0
0.277,0.811,0
0.304,0.811,0
0.290,0.835,0
0.278,0.822,0
0.263,0.829,0
0.273,0.822,0
0.277,0.844,0
0.254,0.825,0
0.291,0.820,0
0.267,0.801,0
0.271,0.791,0
0.294,0.783,0
0.268,0.814,0
0.274,0.795,0
0.284,0.786,0
0.275,0.838,0
0.288,0.805,0
0.259,0.784,0
0.267,0.853,0
0.291,0.806,0
0.281,0.786,0
0.272,0.815,0
0.282,0.842,0
0.274,0.817,0
0.268,0.831,0
0.256,0.790,0
0.308,0.819,0
0.255,0.792,0
0.276,0.820,0
0.263,0.822,0
0.267,0.794,0
0.280,0.819,0
0.272,0.821,0
0.306,0.840,0
0.267,0.800,0
0.267,0.820,0
0.256,0.801,0
0.273,0.788,0
0.294,0.809,0
0.282,0.801,0
0.288,0.842,0
0.268,0.829,0
0.253,0.825,0
0.263,0.809,0
0.255,0.801,0
0.260,0.808,0
0.236,0.802,0
0.280,0.813,0
0.258,0.807,0
0.273,0.788,0
0.274,0.805,0
0.265,0.766,0
0.261,0.784,0
0.266,0.820,0
0.267,0.785,0
0.247,0.779,0
0.270,0.819,0
0.260,0.779,0
0.241,0.789,0
0.268,0.786,0
0.257,0.761,0
0.246,0.733,0
0.251,0.805,0
0.285,0.829,0
0.239,0.798,0
0.275,0.771,0
0.267,0.794,0
0.260,0.792,0
0.256,0.787,0
0.258,0.779,0
0.280,0.768,0
0.268,0.806,0
0.257,0.801,0
0.271,0.781,0
0.259,0.773,0
0.248,0.796,0
0.244,0.761,0
0.245,0.784,0
0.242,0.764,0
0.265,0.766,0
0.230,0.743,0
0.242,0.758,0
0.237,0.737,0
0.249,0.794,0
0.245,0.748,0
0.231,0.771,0
0.237,0.739,0
0.254,0.762,0
0.235,0.759,0
0.236,0.762,0
0.235,0.750,0
0.260,0.763,0
0.251,0.738,0
0.236,0.749,0
0.233,0.767,0
0.237,0.730,0
0.244,0.758,0
0.259,0.743,0
0.249,0.729,0
0.249,0.704,0
0.239,0.720,0
0.238,0.689,0
0.228,0.746,0
0.237,0.764,0
0.224,0.727,0
0.244,0.734,0
0.253,0.742,0
0.244,0.702,0
0.236,0.748,0
0.248,0.704,0
0.213,0.714,0
0.244,0.710,0
0.250,0.704,0
0.240,0.749,0
0.258,0.696,0
0.228,0.707,0
0.232,0.686,0
0.225,0.707,0
0.237,0.717,0
0.236,0.699,0
0.228,0.686,0
0.242,0.712,0
0.221,0.697,0
0.238,0.719,0
0.232,0.733,0
0.241,0.707,0
0.233,0.687,0
0.253,0.687,0
0.217,0.699,0
0.225,0.657,0
0.250,0.688,0
0.255,0.701,0
0.258,0.690,0
0.235,0.649,0
0.215,0.650,0
0.242,0.689,0
0.214,0.676,0
0.219,0.696,0
0.244,0.685,0
0.251,0.658,0
0.244,0.680,0
0.204,0.663,0
0.222,0.679,0
0.217,0.630,0
0.236,0.637,0
0.253,0.644,0
0.230,0.679,0
0.214,0.674,0
0.257,0.651,0
0.226,0.665,0
0.229,0.633,0
0.218,0.663,0
0.212,0.651,0
0.208,0.622,0
0.233,0.624,0
0.237,0.647,0
0.224,0.623,0
0.218,0.640,0
0.208,0.602,0
0.202,0.666,0
0.198,0.638,0
0.240,0.642,0
0.208,0.622,0
0.226,0.604,0
0.221,0.658,0
0.214,0.593,0
0.215,0.654,0
0.224,0.606,0
0.224,0.602,0
0.197,0.625,0
0.215,0.580,0
0.230,0.593,0
0.230,0.592,0
0.234,0.628,0
0.215,0.602,0
0.228,0.620,0
0.262,0.563,0
0.236,0.603,0
0.223,0.577,0
0.227,0.578,0
0.218,0.565,0
0.215,0.583,0
0.222,0.591,0
0.228,0.586,0
0.222,0.567,0
0.213,0.553,0
0.221,0.566,0
0.208,0.544,0
0.201,0.550,0
0.224,0.555,0
0.206,0.568,0
0.221,0.594,0
0.208,0.560,0
0.204,0.551,0
0.241,0.569,0
0.200,0.586,0
0.203,0.577,0
0.217,0.565,0
0.246,0.548,0
0.230,0.493,0
0.216,0.526,0
0.226,0.551,0
0.234,0.538,0
0.215,0.542,0
0.199,0.582,0
0.199,0.552,0
0.251,0.548,0
0.214,0.561,0
0.193,0.568,0
0.220,0.543,0
0.207,0.534,0
0.226,0.561,0
0.643,0.547,0
0.647,0.578,0
0.627,0.560,0
0.645,0.533,0
0.648,0.529,0
0.637,0.548,0
0.623,0.574,0
0.634,0.553,0
0.640,0.593,0
0.633,0.527,0
0.622,0.563,0
0.633,0.557,0
0.629,0.598,0
0.618,0.569,0
0.643,0.568,0
0.626,0.568,0
0.639,0.583,0
0.640,0.586,0
0.628,0.582,0
0.625,0.556,0
0.614,0.578,0
0.651,0.585,0
0.638,0.596,0
0.639,0.584,0
0.621,0.609,0
0.601,0.580,0
0.638,0.574,0
0.635,0.592,0
0.637,0.540,0
0.637,0.597,0
0.645,0.614,0
0.626,0.582,0
0.630,0.592,0
0.599,0.574,0
0.633,0.590,0
0.614,0.587,0
0.625,0.585,0
0.623,0.611,0
0.635,0.593,0
0.616,0.642,0
0.626,0.559,0
0.590,0.644,0
0.587,0.605,0
0.602,0.617,0
0.605,0.608,0
0.614,0.614,0
0.637,0.612,0
0.613,0.637,0
0.622,0.625,0
0.597,0.616,0
0.598,0.626,0
0.601,0.636,0
0.602,0.624,0
0.639,0.625,0
0.612,0.627,0
0.626,0.643,0
0.587,0.644,0
0.599,0.648,0
0.606,0.656,0
0.606,0.631,0
0.611,0.629,0
0.576,0.644,0
0.600,0.678,0
0.608,0.674,0
0.610,0.685,0
0.594,0.674,0
0.612,0.653,0
0.610,0.621,0
0.575,0.639,0
0.594,0.645,0
0.618,0.656,0
0.613,0.686,0
0.572,0.674,0
0.597,0.715,0
0.595,0.654,0
0.608,0.683,0
0.585,0.674,0
0.581,0.672,0
0.609,0.685,0
0.596,0.691,0
0.580,0.688,0
0.609,0.703,0
0.595,0.706,0
0.571,0.695,0
0.609,0.697,0
0.594,0.682,0
0.555,0.678,0
0.607,0.677,0
0.592,0.682,0
0.608,0.750,0
0.608,0.727,0
0.583,0.713,0
0.636,0.704,0
0.593,0.709,0
0.608,0.716,0
0.588,0.701,0
0.601,0.692,0
0.604,0.723,0
0.591,0.714,0
0.594,0.695,0
0.588,0.728,0
0.584,0.689,0
0.612,0.705,0
0.597,0.724,0
0.591,0.724,0
0.603,0.734,0
0.609,0.708,0
0.596,0.735,0
0.612,0.690,0
0.606,0.740,0
0.591,0.722,0
0.595,0.737,0
0.591,0.744,0
0.596,0.729,0
0.598,0.747,0
0.596,0.737,0
0.609,0.747,0
0.613,0.712,0
0.609,0.735,0
0.615,0.786,0
0.569,0.752,0
0.581,0.778,0
0.598,0.765,0
0.607,0.736,0
0.596,0.750,0
0.576,0.757,0
0.598,0.776,0
0.612,0.765,0
0.596,0.754,0
0.593,0.746,0
0.592,0.780,0
0.608,0.760,0
0.622,0.747,0
0.599,0.752,0
0.598,0.771,0
0.614,0.787,0
0.613,0.741,0
0.584,0.755,0
0.584,0.794,0
0.589,0.784,0
0.592,0.805,0
0.583,0.802,0
0.590,0.762,0
0.607,0.813,0
0.605,0.801,0
0.595,0.822,0
0.584,0.793,0
0.574,0.836,0
0.586,0.827,0
0.588,0.823,0
0.569,0.784,0
0.593,0.808,0
0.581,0.805,0
0.578,0.840,0
0.592,0.824,0
0.568,0.819,0
0.583,0.822,0
0.605,0.803,0
0.564,0.833,0
0.585,0.842,0
0.586,0.792,0
0.595,0.795,0
0.571,0.804,0
0.598,0.820,0
0.583,0.838,0
0.568,0.794,0
0.570,0.800,0
0.573,0.821,0
0.548,0.812,0
0.583,0.788,0
0.570,0.812,0
0.566,0.839,0
0.559,0.851,0
0.577,0.833,0
0.553,0.865,0
0.557,0.808,0
0.571,0.819,0
0.550,0.820,0
0.558,0.821,0
0.559,0.844,0
0.557,0.839,0
0.549,0.858,0
0.557,0.842,0
0.555,0.823,0
0.538,0.866,0
0.533,0.832,0
0.559,0.860,0
0.556,0.827,0
0.552,0.856,0
0.549,0.868,0
0.542,0.866,0
0.517,0.875,0
0.561,0.866,0
0.534,0.821,0
0.543,0.827,0
0.567,0.838,0
0.521,0.848,0
0.509,0.841,0
0.542,0.837,0
0.533,0.873,0
0.538,0.834,0
0.542,0.841,0
0.512,0.866,0
0.502,0.854,0
0.507,0.850,0
0.525,0.841,0
0.509,0.871,0
0.539,0.820,0
0.516,0.867,0
0.530,0.862,0
0.470,0.877,0
0.498,0.861,0
0.505,0.876,0
0.517,0.893,0
0.506,0.858,0
0.507,0.841,0
0.499,0.876,0
0.473,0.879,0
0.470,0.867,0
0.487,0.887,0
0.477,0.860,0
0.471,0.849,0
0.475,0.870,0
0.479,0.856,0
0.482,0.875,0
0.458,0.891,0
0.466,0.867,0
0.481,0.911,0
0.477,0.888,0
0.472,0.892,0
0.474,0.848,0
0.451,0.862,0
0.454,0.889,0
0.458,0.864,0
0.449,0.906,0
0.453,0.894,0
0.455,0.878,0
0.459,0.860,0
0.432,0.890,0
0.450,0.845,0
0.438,0.880,0
0.457,0.880,0
0.440,0.885,0
0.433,0.882,0
0.445,0.855,0
0.427,0.865,0
0.418,0.864,0
0.409,0.915,0
0.404,0.868,0
0.427,0.890,0
0.412,0.843,0
0.416,0.865,0
0.410,0.883,0
0.428,0.891,0
0.412,0.914,0
0.426,0.872,0
0.418,0.867,0
0.431,0.905,0
0.400,0.870,0
0.387,0.893,0
0.399,0.907,0
0.395,0.900,0
0.414,0.856,0
0.425,0.886,0
0.397,0.870,0
0.407,0.883,0
0.391,0.870,0
0.398,0.870,0
0.412,0.879,0
0.368,0.904,0
0.391,0.879,0
0.398,0.893,0
0.374,0.918,0
0.380,0.921,0
0.386,0.877,0
0.390,0.902,0
0.391,0.905,0
0.374,0.862,0
0.362,0.879,0
0.370,0.861,0
0.361,0.850,0
0.385,0.871,0
0.375,0.859,0
0.387,0.899,0
0.370,0.880,0
0.370,0.885,0
0.391,0.860,0
0.362,0.879,0
0.387,0.915,0
0.361,0.877,0
0.369,0.870,0
0.388,0.881,0
0.386,0.877,0
0.360,0.891,0
0.347,0.876,0
0.382,0.879,0
0.366,0.909,0
0.349,0.892,0
0.359,0.916,0
0.349,0.880,0
0.353,0.878,0
0.348,0.907,0
0.350,0.884,0
0.329,0.869,0
0.335,0.912,0
0.347,0.885,0
0.336,0.888,0
0.363,0.875,0
0.340,0.897,0
0.372,0.882,0
0.330,0.899,0
0.352,0.904,0
0.348,0.874,0
0.334,0.864,0
0.334,0.870,0
0.337,0.878,0
0.358,0.834,0
0.328,0.873,0
0.319,0.860,0
0.360,0.864,0
0.339,0.891,0
0.329,0.880,0
0.328,0.854,0
0.311,0.900,0
0.313,0.870,0
0.335,0.831,0
0.336,0.863,0
0.308,0.863,0
0.309,0.882,0
0.345,0.874,0
0.324,0.870,0
0.314,0.847,0
0.334,0.864,0
0.319,0.887,0
0.339,0.882,0
0.330,0.854,0
0.299,0.841,0
0.303,0.865,0
0.310,0.833,0
0.317,0.862,0
0.304,0.867,0
0.315,0.836,0
0.322,0.875,0
0.310,0.829,0
0.319,0.893,0
0.320,0.863,0
0.319,0.875,0
0.310,0.836,0
0.315,0.845,0
0.318,0.867,0
0.292,0.887,0
0.290,0.834,0
0.308,0.853,0
0.295,0.855,0
0.306,0.878,0
0.295,0.889,0
0.295,0.841,0
0.384,0.653,1
0.371,0.634,1
0.418,0.661,1
0.378,0.658,1
0.377,0.670,1
0.375,0.666,1
0.396,0.672,1
0.366,0.643,1
0.349,0.662,1
0.387,0.670,1
0.387,0.672,1
0.359,0.635,1
0.376,0.657,1
0.375,0.631,1
0.398,0.623,1
0.379,0.667,1
0.390,0.631,1
0.376,0.609,1
0.393,0.636,1
0.378,0.603,1
0.378,0.643,1
0.411,0.638,1
0.373,0.662,1
0.370,0.656,1
0.386,0.608,1
0.387,0.655,1
0.400,0.611,1
0.376,0.622,1
0.396,0.610,1
0.370,0.592,1
0.378,0.613,1
0.376,0.602,1
0.394,0.621,1
0.416,0.643,1
0.374,0.650,1
0.395,0.585,1
0.374,0.644,1
0.378,0.632,1
0.382,0.605,1
0.379,0.620,1
0.410,0.609,1
0.401,0.619,1
0.374,0.613,1
0.391,0.615,1
0.362,0.614,1
0.367,0.586,1
0.381,0.566,1
0.374,0.580,1
0.423,0.588,1
0.394,0.588,1
0.357,0.560,1
0.378,0.575,1
0.371,0.597,1
0.380,0.606,1
0.406,0.570,1
0.378,0.572,1
0.364,0.573,1
0.369,0.578,1
0.386,0.571,1
0.371,0.576,1
0.396,0.595,1
0.385,0.583,1
0.368,0.586,1
0.392,0.591,1
0.386,0.555,1
0.405,0.536,1
0.380,0.567,1
0.385,0.574,1
0.369,0.546,1
0.373,0.602,1
0.409,0.557,1
0.375,0.568,1
0.367,0.559,1
0.400,0.555,1
0.402,0.581,1
0.381,0.586,1
0.384,0.560,1
0.374,0.559,1
0.401,0.539,1
0.345,0.572,1
0.384,0.521,1
0.387,0.575,1
0.402,0.565,1
0.401,0.530,1
0.393,0.506,1
0.374,0.540,1
0.385,0.526,1
0.381,0.546,1
0.385,0.509,1
0.397,0.547,1
0.382,0.535,1
0.399,0.531,1
0.398,0.512,1
0.378,0.508,1
0.388,0.530,1
0.393,0.556,1
0.398,0.557,1
0.388,0.503,1
0.400,0.531,1
0.386,0.554,1
0.382,0.528,1
0.370,0.530,1
0.398,0.504,1
0.404,0.504,1
0.382,0.506,1
0.381,0.496,1
0.390,0.532,1
0.369,0.510,1
0.393,0.530,1
0.394,0.483,1
0.392,0.533,1
0.407,0.505,1
0.387,0.529,1
0.392,0.527,1
0.408,0.517,1
0.403,0.510,1
0.385,0.491,1
0.415,0.532,1
0.397,0.519,1
0.396,0.489,1
0.387,0.499,1
0.397,0.499,1
0.403,0.523,1
0.401,0.528,1
0.399,0.503,1
0.394,0.506,1
0.395,0.486,1
0.372,0.449,1
0.393,0.473,1
0.405,0.515,1
0.393,0.492,1
0.414,0.531,1
0.382,0.502,1
0.414,0.486,1
0.397,0.506,1
0.419,0.480,1
0.422,0.468,1
0.394,0.502,1
0.382,0.504,1
0.396,0.484,1
0.399,0.478,1
0.389,0.515,1
0.400,0.485,1
0.402,0.477,1
0.406,0.478,1
0.398,0.498,1
0.390,0.462,1
0.390,0.476,1
0.397,0.483,1
0.379,0.471,1
0.410,0.466,1
0.407,0.473,1
0.387,0.474,1
0.401,0.474,1
0.397,0.455,1
0.400,0.477,1
0.387,0.462,1
0.413,0.452,1
0.403,0.459,1
0.409,0.441,1
0.395,0.472,1
0.407,0.455,1
0.407,0.474,1
0.387,0.445,1
0.420,0.432,1
0.420,0.426,1
0.395,0.448,1
0.416,0.437,1
0.422,0.445,1
0.421,0.392,1
0.402,0.410,1
0.423,0.427,1
0.407,0.422,1
0.398,0.417,1
0.412,0.429,1
0.399,0.408,1
0.415,0.405,1
0.397,0.404,1
0.399,0.372,1
0.406,0.415,1
0.388,0.412,1
0.415,0.404,1
0.430,0.427,1
0.441,0.390,1
0.409,0.414,1
0.427,0.389,1
0.418,0.380,1
0.446,0.420,1
0.410,0.426,1
0.440,0.407,1
0.438,0.386,1
0.424,0.388,1
0.433,0.382,1
0.446,0.385,1
0.439,0.375,1
0.447,0.387,1
0.449,0.380,1
0.437,0.349,1
0.450,0.362,1
0.442,0.373,1
0.418,0.384,1
0.432,0.372,1
0.440,0.399,1
0.452,0.344,1
0.435,0.349,1
0.448,0.355,1
0.451,0.379,1
0.451,0.361,1
0.449,0.338,1
0.434,0.376,1
0.452,0.368,1
0.446,0.358,1
0.431,0.358,1
0.454,0.372,1
0.442,0.370,1
0.461,0.384,1
0.449,0.366,1
0.443,0.347,1
0.470,0.330,1
0.448,0.356,1
0.465,0.326,1
0.452,0.354,1
0.452,0.346,1
0.464,0.316,1
0.454,0.333,1
0.458,0.328,1
0.438,0.342,1
0.465,0.333,1
0.463,0.335,1
0.448,0.317,1
0.479,0.310,1
0.480,0.308,1
0.454,0.329,1
0.476,0.346,1
0.463,0.344,1
0.454,0.320,1
0.477,0.332,1
0.451,0.319,1
0.483,0.306,1
0.464,0.328,1
0.462,0.333,1
0.469,0.296,1
0.480,0.319,1
0.483,0.317,1
0.461,0.342,1
0.482,0.325,1
0.492,0.332,1
0.487,0.307,1
0.481,0.318,1
0.464,0.307,1
0.480,0.315,1
0.446,0.275,1
0.495,0.306,1
0.497,0.311,1
0.495,0.308,1
0.488,0.310,1
0.498,0.299,1
0.509,0.274,1
0.504,0.308,1
0.514,0.281,1
0.502,0.356,1
0.508,0.313,1
0.501,0.314,1
0.506,0.276,1
0.488,0.292,1
0.501,0.304,1
0.526,0.285,1
0.528,0.276,1
0.548,0.260,1
0.520,0.283,1
0.536,0.274,1
0.538,0.287,1
0.564,0.268,1
0.544,0.259,1
0.579,0.263,1
0.565,0.275,1
0.554,0.258,1
0.553,0.279,1
0.586,0.263,1
0.574,0.283,1
0.582,0.274,1
0.542,0.274,1
0.559,0.270,1
0.571,0.257,1
0.564,0.279,1
0.595,0.287,1
0.582,0.283,1
0.567,0.278,1
0.588,0.281,1
0.587,0.250,1
0.592,0.285,1
0.598,0.260,1
0.591,0.270,1
0.572,0.258,1
0.594,0.269,1
0.582,0.270,1
0.580,0.261,1
0.580,0.275,1
0.577,0.273,1
0.615,0.236,1
0.621,0.259,1
0.607,0.231,1
0.593,0.238,1
0.589,0.260,1
0.583,0.238,1
0.644,0.200,1
0.615,0.240,1
0.645,0.287,1
0.644,0.244,1
0.628,0.248,1
0.648,0.241,1
0.728,0.210,1
0.690,0.231,1
0.715,0.250,1
0.702,0.245,1
0.695,0.230,1
0.713,0.218,1
0.708,0.231,1
0.704,0.226,1
0.717,0.259,1
0.738,0.235,1
0.710,0.259,1
0.739,0.251,1
0.738,0.226,1
0.712,0.232,1
0.751,0.241,1
0.764,0.255,1
0.732,0.231,1
0.735,0.285,1
0.739,0.211,1
0.721,0.252,1
0.732,0.294,1
0.741,0.230,1
0.759,0.247,1
0.741,0.229,1
0.748,0.254,1
0.754,0.240,1
0.732,0.298,1
0.746,0.269,1
0.754,0.232,1
0.764,0.240,1
0.746,0.240,1
0.730,0.250,1
0.760,0.263,1
0.755,0.264,1
0.783,0.231,1
0.778,0.223,1
0.760,0.280,1
0.757,0.270,1
0.775,0.266,1
0.727,0.263,1
0.765,0.298,1
0.761,0.260,1
0.795,0.294,1
0.751,0.268,1
0.751,0.278,1
0.771,0.255,1
0.756,0.269,1
0.762,0.291,1
0.753,0.258,1
0.788,0.298,1
0.766,0.270,1
0.794,0.249,1
0.757,0.273,1
0.762,0.287,1
0.788,0.240,1
0.793,0.284,1
0.781,0.303,1
0.774,0.280,1
0.780,0.276,1
0.782,0.266,1
0.784,0.300,1
0.760,0.290,1
0.785,0.297,1
0.767,0.288,1
0.790,0.323,1
0.781,0.279,1
0.773,0.306,1
0.798,0.293,1
0.784,0.310,1
0.786,0.316,1
0.783,0.295,1
0.790,0.308,1
0.806,0.311,1
0.783,0.295,1
0.801,0.312,1
0.775,0.314,1
0.801,0.288,1
0.810,0.344,1
0.792,0.326,1
0.798,0.331,1
0.805,0.325,1
0.798,0.326,1
0.820,0.317,1
0.812,0.288,1
0.805,0.307,1
0.801,0.336,1
0.792,0.329,1
0.802,0.358,1
0.804,0.309,1
0.797,0.325,1
0.777,0.321,1
0.810,0.339,1
0.793,0.331,1
0.815,0.333,1
0.794,0.273,1
0.821,0.343,1
0.798,0.346,1
0.799,0.341,1
0.818,0.365,1
0.809,0.347,1
0.840,0.347,1
0.818,0.368,1
0.812,0.394,1
0.790,0.363,1
0.786,0.339,1
0.813,0.399,1
0.804,0.341,1
0.797,0.356,1
0.816,0.363,1
0.826,0.348,1
0.809,0.367,1
0.824,0.394,1
0.830,0.366,1
0.808,0.386,1
0.816,0.400,1
0.814,0.354,1
0.817,0.368,1
0.816,0.372,1
0.830,0.377,1
0.833,0.389,1
0.831,0.419,1
0.825,0.420,1
0.788,0.363,1
0.826,0.405,1
0.830,0.382,1
0.841,0.419,1
0.846,0.413,1
0.828,0.414,1
0.839,0.414,1
0.836,0.422,1
0.832,0.398,1
0.828,0.429,1
0.824,0.408,1
0.815,0.437,1
0.842,0.417,1
0.815,0.422,1
0.830,0.417,1
0.818,0.433,1
0.847,0.472,1
0.829,0.456,1
0.857,0.451,1
0.839,0.433,1
0.827,0.435,1
0.804,0.435,1
0.840,0.421,1
0.795,0.454,1
0.836,0.433,1
0.824,0.478,1
0.847,0.457,1
0.835,0.452,1
0.821,0.473,1
0.842,0.437,1
0.845,0.462,1
0.838,0.459,1
0.819,0.482,1
0.850,0.493,1
0.828,0.491,1
0.847,0.500,1
0.821,0.448,1
0.831,0.493,1
0.862,0.508,1
0.849,0.485,1
0.834,0.536,1
0.840,0.462,1
0.847,0.537,1
0.852,0.536,1
0.847,0.508,1
0.847,0.527,1
0.832,0.552,1
0.859,0.524,1
0.829,0.538,1
0.848,0.494,1
0.837,0.518,1
0.861,0.519,1
0.834,0.537,1
0.844,0.536,1
0.836,0.546,1
0.840,0.547,1
0.828,0.543,1
0.845,0.539,1
0.836,0.518,1
0.856,0.540,1
0.828,0.554,1
0.861,0.585,1
0.839,0.586,1
0.840,0.553,1
0.806,0.548,1
0.823,0.535,1
0.850,0.582,1
0.855,0.582,1
0.843,0.580,1
0.853,0.617,1
0.849,0.601,1
0.849,0.553,1
0.843,0.565,1
0.850,0.616,1
0.820,0.600,1
0.839,0.610,1
0.838,0.585,1
0.843,0.607,1
0.852,0.605,1
0.836,0.626,1
0.854,0.602,1
0.840,0.641,1
0.872,0.618,1
0.853,0.624,1
0.833,0.643,1
0.821,0.644,1
0.853,0.614,1
0.851,0.627,1
0.844,0.669,1
0.823,0.628,1
0.837,0.629,1
0.824,0.648,1
0.834,0.639,1
0.824,0.640,1
0.824,0.642,1
0.855,0.654,1
0.811,0.666,1
0.827,0.649,1
0.817,0.651,1
0.827,0.641,1
0.830,0.652,1
0.838,0.692,1
0.838,0.672,1
0.852,0.706,1
0.840,0.672,1
0.847,0.671,1
0.832,0.636,1
0.847,0.673,1
0.838,0.686,1
0.852,0.697,1
0.816,0.683,1
0.818,0.674,1
0.821,0.686,1
0.810,0.689,1
0.839,0.705,1
0.825,0.730,1
0.828,0.714,1
0.819,0.687,1
0.820,0.707,1
0.833,0.657,1
0.824,0.678,1
0.831,0.706,1
0.830,0.688,1
0.817,0.687,1
0.809,0.687,1
0.833,0.680,1
0.831,0.692,1
0.826,0.663,1
0.831,0.696,1
0.800,0.699,1
0.819,0.702,1
0.844,0.690,1
0.818,0.672,1
0.839,0.668,1
0.826,0.664,1
0.830,0.708,1
0.824,0.699,1
0.818,0.719,1
0.860,0.700,1
0.830,0.671,1
0.818,0.676,1
0.797,0.723,1
0.834,0.694,1
0.844,0.691,1
0.812,0.718,1
0.825,0.696,1
0.839,0.749,1
0.838,0.684,1
0.817,0.712,1
0.817,0.679,1
0.822,0.697,1
0.833,0.669,1
0.828,0.728,1
0.792,0.702,1
0.826,0.700,1
0.806,0.702,1
0.816,0.703,1
0.837,0.700,1
0.832,0.725,1
0.808,0.714,1
0.818,0.702,1
0.842,0.694,1
0.829,0.732,1
0.835,0.698,1
0.795,0.754,1
0.845,0.699,1
0.831,0.719,1
0.812,0.669,1
0.829,0.672,1
0.843,0.697,1
0.843,0.679,1
0.815,0.683,1
0.795,0.676,1
0.803,0.669,1
0.818,0.684,1
0.833,0.662,1
0.825,0.644,1
0.829,0.659,1
0.834,0.679,1
0.824,0.649,1
0.824,0.622,1
0.830,0.655,1
0.833,0.608,1
0.844,0.670,1
0.797,0.612,1
0.810,0.654,1
0.823,0.603,1
0.819,0.629,1
0.832,0.647,1
0.826,0.606,1
0.813,0.637,1
0.825,0.621,1
0.833,0.644,1
0.812,0.647,1
0.813,0.613,1
0.812,0.590,1
0.836,0.623,1
0.813,0.573,1
0.826,0.580,1
0.821,0.613,1
0.841,0.619,1
0.832,0.624,1
0.832,0.622,1
0.824,0.570,1
0.819,0.616,1
0.853,0.590,1
0.829,0.602,1
0.840,0.593,1
0.823,0.555,1
0.817,0.602,1
0.833,0.591,1
0.819,0.589,1
0.826,0.579,1
0.814,0.604,1
0.820,0.570,1
0.830,0.589,1
0.820,0.533,1
0.831,0.570,1
0.824,0.559,1
0.831,0.582,1
0.818,0.571,1
0.841,0.545,1
0.826,0.544,1
0.822,0.547,1
0.816,0.545,1
0.826,0.558,1
0.833,0.568,1
0.833,0.556,1
0.833,0.525,1
0.846,0.519,1
0.830,0.511,1
0.837,0.515,1
0.819,0.527,1
0.826,0.484,1
0.809,0.528,1
0.827,0.514,1
0.825,0.497,1
0.841,0.519,1
0.851,0.500,1
0.850,0.487,1
0.831,0.508,1
0.837,0.480,1
0.821,0.489,1
0.817,0.501,1
0.814,0.466,1
0.842,0.472,1
0.824,0.496,1
0.843,0.484,1
0.838,0.491,1
0.820,0.466,1
0.813,0.456,1
0.842,0.494,1
0.819,0.493,1
0.813,0.445,1
0.844,0.455,1
0.822,0.470,1
0.846,0.452,1
0.846,0.453,1
0.844,0.473,1
0.850,0.441,1
0.824,0.482,1
0.843,0.464,1
0.820,0.451,1
0.830,0.440,1
0.842,0.419,1
0.835,0.440,1
0.827,0.416,1
0.839,0.476,1
0.851,0.402,1
0.829,0.422,1
0.856,0.432,1
0.824,0.414,1
0.849,0.414,1
0.838,0.437,1
0.810,0.422,1
0.817,0.442,1
0.799,0.442,1
0.846,0.427,1
0.835,0.401,1
0.832,0.414,1
0.815,0.405,1
0.823,0.397,1
0.821,0.414,1
0.842,0.408,1
0.837,0.417,1
0.816,0.400,1
0.822,0.362,1
0.838,0.398,1
0.842,0.392,1
0.851,0.399,1
0.814,0.404,1
0.827,0.375,1
0.830,0.363,1
0.832,0.385,1
0.818,0.376,1
0.817,0.388,1
0.819,0.340,1
0.827,0.393,1
0.803,0.335,1
0.825,0.356,1
0.803,0.365,1
0.796,0.378,1
0.813,0.386,1
0.834,0.362,1
0.831,0.362,1
0.784,0.370,1
0.793,0.307,1
0.821,0.324,1
0.796,0.378,1
0.808,0.311,1
0.815,0.340,1
0.821,0.340,1
0.813,0.351,1
0.826,0.355,1
0.797,0.337,1
0.801,0.337,1
0.824,0.325,1
0.824,0.337,1
0.809,0.345,1
0.816,0.347,1
0.798,0.339,1
0.802,0.325,1
0.795,0.344,1
0.785,0.328,1
0.810,0.328,1
0.787,0.313,1
0.793,0.335,1
0.803,0.300,1
0.793,0.306,1
0.796,0.318,1
0.797,0.316,1
0.809,0.311,1
0.805,0.333,1
0.771,0.322,1
0.798,0.306,1
0.792,0.290,1
0.814,0.341,1
0.794,0.314,1
0.805,0.310,1
0.801,0.339,1
0.787,0.287,1
0.785,0.295,1
0.810,0.290,1
0.797,0.275,1
0.792,0.289,1
0.780,0.278,1
0.798,0.289,1
0.792,0.287,1
0.781,0.278,1
0.758,0.287,1
0.772,0.279,1
0.778,0.283,1
0.787,0.299,1
0.790,0.302,1
0.761,0.294,1
0.775,0.269,1
0.786,0.295,1
0.763,0.280,1
0.762,0.305,1
0.757,0.287,1
0.773,0.287,1
0.751,0.263,1
0.781,0.278,1
0.759,0.281,1
0.744,0.290,1
0.765,0.263,1
0.759,0.271,1
0.771,0.270,1
0.751,0.265,1
0.723,0.261,1
0.756,0.247,1
0.755,0.282,1
0.776,0.257,1
0.770,0.238,1
0.784,0.270,1
0.719,0.248,1
0.741,0.226,1
0.745,0.227,1
0.741,0.221,1
0.727,0.239,1
0.760,0.229,1
0.746,0.217,1
0.724,0.233,1
0.711,0.228,1
0.727,0.232,1
0.726,0.264,1
0.700,0.256,1
0.736,0.234,1
0.729,0.190,1
0.702,0.274,1
0.726,0.258,1
0.705,0.247,1
0.703,0.212,1
0.708,0.238,1
0.701,0.224,1
0.712,0.225,1
0.714,0.222,1
0.711,0.239,1
0.706,0.226,1
0.701,0.236,1
0.698,0.240,1
0.697,0.233,1
0.685,0.239,1
0.684,0.235,1
0.709,0.234,1
0.676,0.176,1
0.684,0.193,1
0.710,0.249,1
0.686,0.217,1
0.725,0.233,1
0.683,0.227,1
0.659,0.227,1
0.686,0.218,1
0.684,0.244,1
0.669,0.261,1
0.665,0.221,1
0.698,0.210,1
0.672,0.215,1
0.671,0.217,1
0.648,0.232,1
0.647,0.226,1
0.670,0.194,1
0.666,0.229,1
0.655,0.221,1
0.630,0.242,1
0.652,0.211,1
0.628,0.219,1
0.660,0.203,1
0.648,0.189,1
0.666,0.223,1
0.641,0.230,1
0.591,0.218,1
0.608,0.199,1
0.608,0.225,1
0.633,0.229,1
0.612,0.243,1
0.623,0.207,1
0.628,0.191,1
0.591,0.226,1
0.625,0.239,1
0.611,0.229,1
0.600,0.232,1
0.611,0.223,1
0.590,0.264,1
0.591,0.203,1
0.553,0.237,1
0.559,0.247,1
0.532,0.220,1
0.560,0.244,1
0.563,0.219,1
0.566,0.249,1
0.547,0.231,1
0.522,0.268,1
0.524,0.248,1
0.540,0.276,1
0.550,0.266,1
0.529,0.241,1
0.523,0.230,1
0.522,0.249,1
0.493,0.266,1
0.526,0.282,1
0.504,0.273,1
0.496,0.247,1
0.504,0.262,1
0.503,0.255,1
0.509,0.256,1
0.498,0.283,1
0.498,0.287,1
0.507,0.287,1
0.485,0.245,1
0.511,0.282,1
0.516,0.306,1
0.500,0.248,1
0.491,0.273,1
0.472,0.252,1
0.491,0.274,1
0.491,0.268,1
0.467,0.286,1
0.509,0.292,1
0.493,0.292,1
0.482,0.294,1
0.464,0.323,1
0.482,0.299,1
0.496,0.309,1
0.476,0.350,1
0.462,0.309,1
0.489,0.290,1
0.484,0.340,1
0.449,0.320,1
0.475,0.322,1
0.464,0.326,1
0.448,0.284,1
0.455,0.302,1
0.487,0.296,1
0.464,0.341,1
0.453,0.342,1
0.459,0.352,1
0.464,0.349,1
0.477,0.326,1
0.466,0.356,1
0.432,0.337,1
0.459,0.351,1
0.447,0.347,1
0.448,0.376,1
0.445,0.374,1
0.418,0.381,1
0.471,0.347,1
0.454,0.338,1
0.421,0.347,1
0.432,0.358,1
0.431,0.363,1
0.441,0.369,1
0.478,0.412,1
0.436,0.357,1
0.458,0.380,1
0.433,0.373,1
0.432,0.383,1
0.453,0.376,1
0.434,0.400,1
0.414,0.403,1
0.432,0.398,1
0.436,0.414,1
0.433,0.445,1
0.393,0.484,1
0.422,0.456,1
0.426,0.436,1
0.453,0.452,1
0.416,0.429,1
0.411,0.405,1
0.426,0.442,1
0.418,0.481,1
0.406,0.459,1
0.396,0.476,1
0.422,0.448,1
0.392,0.442,1
0.411,0.482,1
0.398,0.451,1
0.400,0.484,1
0.391,0.504,1
0.388,0.532,1
0.407,0.481,1
0.414,0.468,1
0.383,0.504,1
0.405,0.524,1
0.397,0.461,1
0.403,0.504,1
0.387,0.527,1
0.404,0.511,1
0.393,0.512,1
0.392,0.523,1
0.398,0.531,1
0.381,0.546,1
0.418,0.545,1
0.368,0.539,1
0.414,0.543,1
0.382,0.542,1
0.395,0.522,1
0.369,0.591,1
0.404,0.561,1
0.380,0.556,1
0.400,0.549,1
0.390,0.554,1
0.383,0.574,1
0.395,0.536,1
0.364,0.583,1
0.402,0.565,1
0.390,0.580,1
0.368,0.578,1
0.391,0.563,1
0.395,0.581,1
0.385,0.616,1
0.369,0.614,1
0.370,0.587,1
0.396,0.589,1
0.388,0.588,1
0.384,0.609,1
0.404,0.615,1
0.397,0.589,1
0.414,0.613,1
0.403,0.612,1
0.403,0.581,1
0.413,0.600,1
0.412,0.597,1
0.395,0.598,1
0.369,0.594,1
0.419,0.623,1
0.400,0.644,1
0.395,0.618,1
0.387,0.614,1
0.401,0.632,1
0.379,0.615,1
0.390,0.607,1
0.407,0.662,1
0.394,0.680,1
0.392,0.678,1
0.396,0.656,1
0.405,0.665,1
0.398,0.637,1
0.374,0.607,1
0.381,0.650,1
0.381,0.667,1
0.399,0.672,1
0.382,0.669,1
0.381,0.675,1
0.385,0.655,1
0.372,0.680,1
0.390,0.654,1
0.402,0.680,1
0.422,0.667,1
0.382,0.632,1
0.407,0.667,1
0.394,0.685,1
0.414,0.667,1
0.388,0.636,1
0.392,0.639,1
0.377,0.639,1
0.374,0.669,1
0.383,0.640,1
0.397,0.662,1
0.383,0.680,1
0.411,0.653,1
0.399,0.608,1
0.385,0.633,1
0.387,0.650,1
0.382,0.673,1
0.378,0.637,1
0.389,0.652,1
0.399,0.625,1
0.371,0.632,1
0.359,0.615,1
0.393,0.620,1
0.395,0.621,1
0.380,0.652,1
0.379,0.650,1
0.395,0.630,1
0.383,0.614,1
0.382,0.604,1
0.364,0.606,1
0.389,0.582,1
0.380,0.604,1
0.360,0.640,1
0.367,0.582,1
0.369,0.588,1
0.390,0.550,1
0.405,0.598,1
0.375,0.568,1
0.390,0.563,1
0.392,0.564,1
0.384,0.487,1
0.358,0.528,1
0.389,0.503,1
0.403,0.523,1
0.390,0.526,1
0.359,0.483,1
0.381,0.529,1
0.379,0.476,1
0.391,0.464,1
0.382,0.496,1
0.410,0.479,1
0.412,0.473,1
0.388,0.444,1
0.412,0.488,1
0.386,0.448,1
0.387,0.445,1
0.380,0.459,1
0.417,0.413,1
0.405,0.416,1
0.433,0.479,1
0.404,0.453,1
0.404,0.435,1
0.413,0.422,1
0.408,0.422,1
0.416,0.419,1
0.402,0.414,1
0.382,0.414,1
0.416,0.414,1
0.408,0.384,1
0.397,0.381,1
0.406,0.370,1
0.420,0.386,1
0.408,0.374,1
0.412,0.432,1
0.425,0.384,1
0.424,0.379,1
0.441,0.344,1
0.443,0.375,1
0.452,0.373,1
0.442,0.371,1
0.420,0.398,1
0.421,0.366,1
0.454,0.381,1
0.459,0.381,1
0.474,0.358,1
0.447,0.369,1
0.444,0.325,1
0.462,0.368,1
0.458,0.332,1
0.465,0.342,1
0.459,0.341,1
0.457,0.351,1
0.481,0.344,1
0.474,0.295,1
0.485,0.371,1
0.480,0.332,1
0.494,0.333,1
0.476,0.320,1
0.472,0.315,1
0.469,0.357,1
0.492,0.337,1
0.464,0.348,1
0.474,0.338,1
0.544,0.319,1
0.567,0.273,1
0.579,0.283,1
0.577,0.271,1
0.589,0.272,1
0.629,0.282,1
0.597,0.269,1
0.581,0.267,1
0.615,0.263,1
0.622,0.274,1
0.603,0.287,1
0.582,0.236,1
0.630,0.266,1
0.603,0.276,1
0.612,0.257,1
0.611,0.266,1
0.629,0.282,1
0.601,0.265,1
0.620,0.272,1
0.642,0.260,1
0.603,0.260,1
0.626,0.265,1
0.611,0.266,1
0.619,0.219,1
0.636,0.229,1
0.619,0.252,1
0.623,0.270,1
0.662,0.237,1
0.638,0.249,1
0.661,0.261,1
0.645,0.254,1
0.654,0.274,1
0.639,0.255,1
0.636,0.251,1
0.635,0.225,1
0.656,0.254,1
0.671,0.277,1
0.633,0.257,1
0.637,0.248,1
0.671,0.259,1
0.654,0.257,1
0.677,0.261,1
0.676,0.239,1
0.665,0.237,1
0.674,0.199,1
0.658,0.240,1
0.648,0.240,1
0.668,0.245,1
0.690,0.211,1
0.719,0.225,1
0.668,0.220,1
0.691,0.245,1
0.696,0.232,1
0.684,0.258,1
0.687,0.253,1
0.721,0.245,1
0.716,0.253,1
0.753,0.271,1
0.721,0.237,1
0.710,0.259,1
0.707,0.227,1
0.731,0.249,1
0.736,0.203,1
0.718,0.187,1
0.744,0.239,1
0.732,0.280,1
0.725,0.207,1
0.741,0.222,1
0.743,0.272,1
0.752,0.254,1
0.735,0.243,1
0.732,0.239,1
0.741,0.234,1
0.742,0.213,1
0.717,0.245,1
0.725,0.240,1
0.762,0.256,1
0.743,0.249,1
0.753,0.224,1
0.734,0.221,1
0.751,0.217,1
0.752,0.197,1
0.753,0.230,1
0.793,0.236,1
0.769,0.238,1
0.750,0.234,1
0.759,0.267,1
0.765,0.243,1
0.725,0.263,1
0.746,0.236,1
0.769,0.271,1
0.759,0.252,1
0.760,0.279,1
0.743,0.306,1
0.770,0.249,1
0.765,0.253,1
0.759,0.276,1
0.780,0.272,1
0.741,0.269,1
0.776,0.337,1
0.776,0.282,1
0.751,0.279,1
0.799,0.298,1
0.770,0.257,1
0.778,0.311,1
0.772,0.305,1
0.750,0.306,1
0.781,0.318,1
0.768,0.305,1
0.774,0.324,1
0.763,0.292,1
0.784,0.349,1
0.753,0.338,1
0.812,0.331,1
0.774,0.305,1
0.775,0.388,1
0.771,0.328,1
0.793,0.341,1
0.790,0.331,1
0.777,0.351,1
0.790,0.347,1
0.780,0.358,1
0.793,0.351,1
0.798,0.330,1
0.786,0.373,1
0.804,0.375,1
0.791,0.343,1
0.798,0.367,1
0.787,0.390,1
0.812,0.361,1
0.793,0.360,1
0.787,0.354,1
0.814,0.351,1
0.814,0.386,1
0.822,0.368,1
0.801,0.350,1
0.791,0.388,1
0.809,0.362,1
0.803,0.355,1
0.825,0.403,1
0.810,0.372,1
0.806,0.381,1
0.813,0.412,1
0.823,0.405,1
0.813,0.358,1
0.804,0.418,1
0.812,0.407,1
0.825,0.396,1
0.812,0.421,1
0.816,0.397,1
0.816,0.404,1
0.821,0.422,1
0.804,0.377,1
0.822,0.379,1
0.803,0.424,1
0.840,0.413,1
0.828,0.437,1
0.817,0.407,1
0.809,0.445,1
0.778,0.391,1
0.820,0.463,1
0.827,0.427,1
0.839,0.437,1
0.830,0.405,1
0.864,0.458,1
0.818,0.421,1
0.813,0.393,1
0.826,0.439,1
0.850,0.472,1
0.832,0.456,1
0.801,0.409,1
0.834,0.469,1
0.840,0.457,1
0.835,0.464,1
0.824,0.481,1
0.842,0.484,1
0.837,0.482,1
0.837,0.457,1
0.847,0.470,1
0.845,0.478,1
0.837,0.463,1
0.834,0.516,1
0.840,0.492,1
0.831,0.494,1
0.829,0.494,1
0.814,0.539,1
0.844,0.470,1
0.828,0.509,1
0.830,0.513,1
0.835,0.518,1
0.817,0.525,1
0.848,0.518,1
0.837,0.524,1
0.829,0.524,1
0.855,0.505,1
0.813,0.504,1
0.837,0.547,1
0.829,0.519,1
0.824,0.561,1
0.823,0.547,1
0.828,0.524,1
0.832,0.546,1
0.823,0.551,1
0.836,0.542,1
0.834,0.543,1
0.851,0.496,1
0.853,0.550,1
0.809,0.525,1
0.854,0.553,1
0.839,0.591,1
0.835,0.586,1
0.827,0.578,1
0.835,0.590,1
0.852,0.585,1
0.829,0.610,1
0.809,0.616,1
0.826,0.631,1
0.819,0.613,1
0.823,0.597,1
0.843,0.601,1
0.829,0.636,1
0.819,0.570,1
0.816,0.621,1
0.847,0.635,1
0.834,0.643,1
0.827,0.651,1
0.828,0.651,1
0.840,0.637,1
0.827,0.642,1
0.844,0.598,1
0.811,0.642,1
0.859,0.663,1
0.816,0.654,1
0.821,0.658,1
0.818,0.627,1
0.826,0.635,1
0.831,0.649,1
0.811,0.663,1
0.806,0.688,1
0.804,0.631,1
0.836,0.612,1
0.839,0.646,1
0.840,0.643,1
0.839,0.648,1
0.824,0.661,1
0.818,0.653,1
0.852,0.651,1
0.823,0.680,1
0.860,0.657,1
0.817,0.657,1
0.819,0.667,1
0.791,0.691,1
0.810,0.639,1
0.823,0.690,1
0.833,0.701,1
0.804,0.677,1
0.830,0.651,1
0.821,0.665,1
0.814,0.695,1
0.824,0.680,1
0.840,0.662,1
0.803,0.699,1
0.800,0.724,1
0.827,0.693,1
0.826,0.690,1
0.816,0.682,1
0.821,0.703,1
0.840,0.710,1
0.828,0.701,1
0.809,0.697,1
0.825,0.695,1
0.825,0.705,1
0.844,0.685,1
0.820,0.701,1
0.811,0.701,1
0.812,0.716,1
0.841,0.725,1
0.839,0.665,1
0.820,0.705,1
0.835,0.713,1
0.823,0.681,1
0.824,0.696,1
0.807,0.693,1
0.838,0.726,1
0.833,0.705,1
0.803,0.670,1
0.826,0.708,1
0.823,0.709,1
0.802,0.678,1
0.823,0.694,1
0.817,0.721,1
0.822,0.702,1
0.830,0.726,1
0.815,0.704,1
0.843,0.709,1
0.819,0.686,1
0.827,0.716,1
0.816,0.720,1
0.835,0.708,1
0.822,0.711,1
0.834,0.686,1
0.814,0.616,1
0.833,0.629,1
0.813,0.647,1
0.806,0.623,1
0.822,0.600,1
0.835,0.665,1
0.849,0.481,1
0.833,0.499,1
0.817,0.510,1
0.844,0.537,1
0.838,0.545,1
0.820,0.542,1
0.835,0.511,1
0.829,0.441,1
0.832,0.431,1
0.855,0.442,1
0.833,0.439,1
0.845,0.452,1
0.818,0.427,1
0.831,0.457,1
0.825,0.404,1
0.839,0.429,1
0.814,0.456,1
0.830,0.405,1
0.815,0.419,1
0.810,0.433,1
0.822,0.411,1
0.792,0.360,1
0.816,0.348,1
0.801,0.344,1
0.796,0.354,1
0.809,0.361,1
0.825,0.366,1
0.806,0.372,1
0.813,0.294,1
0.804,0.313,1
0.806,0.291,1
0.806,0.325,1
0.787,0.323,1
0.812,0.322,1
0.815,0.297,1
0.805,0.254,1
0.776,0.282,1
0.780,0.282,1
0.810,0.306,1
0.834,0.313,1
0.792,0.317,1
0.804,0.323,1
0.782,0.305,1
0.789,0.287,1
0.773,0.282,1
0.785,0.266,1
0.763,0.254,1
0.783,0.264,1
0.782,0.261,1
0.751,0.284,1
0.758,0.253,1
0.746,0.257,1
0.753,0.225,1
0.762,0.273,1
0.741,0.264,1
0.741,0.205,1
0.689,0.217,1
0.707,0.211,1
0.709,0.211,1
0.695,0.266,1
0.712,0.226,1
0.706,0.250,1
0.728,0.242,1
0.632,0.219,1
0.668,0.221,1
0.647,0.195,1
0.628,0.237,1
0.636,0.238,1
0.642,0.202,1
0.639,0.188,1
0.611,0.215,1
0.589,0.210,1
0.606,0.197,1
0.597,0.230,1
0.615,0.250,1
0.616,0.202,1
0.590,0.228,1
0.529,0.230,1
0.524,0.251,1
0.521,0.265,1
0.542,0.212,1
0.529,0.258,1
0.523,0.213,1
0.526,0.201,1
0.466,0.229,1
0.467,0.221,1
0.467,0.261,1
0.487,0.229,1
0.493,0.227,1
0.483,0.231,1
0.463,0.263,1
0.449,0.264,1
0.452,0.249,1
0.456,0.275,1
0.475,0.280,1
0.483,0.225,1
0.461,0.275,1
0.432,0.256,1
0.455,0.283,1
0.428,0.264,1
0.446,0.297,1
0.417,0.304,1
0.461,0.245,1
0.430,0.266,1
0.441,0.270,1
0.430,0.281,1
0.422,0.325,1
0.426,0.318,1
0.426,0.313,1
0.432,0.296,1
0.427,0.311,1
0.440,0.303,1
0.440,0.270,1
0.430,0.337,1
0.437,0.296,1
0.449,0.318,1
0.433,0.308,1
0.428,0.303,1
0.429,0.313,1
0.408,0.313,1
0.438,0.328,1
0.417,0.309,1
0.411,0.306,1
0.425,0.269,1
0.424,0.314,1
0.448,0.256,1
0.426,0.290,1
0.430,0.294,1
0.424,0.296,1
0.432,0.265,1
0.442,0.285,1
0.442,0.337,1
0.415,0.301,1
0.482,0.257,1
0.492,0.265,1
0.492,0.287,1
0.470,0.283,1
0.477,0.253,1
0.470,0.255,1
0.452,0.282,1
0.533,0.250,1
0.532,0.242,1
0.528,0.270,1
0.539,0.234,1
0.531,0.240,1
0.516,0.271,1
0.536,0.260,1
0.549,0.240,1
0.558,0.238,1
0.541,0.214,1
0.550,0.232,1
0.545,0.221,1
0.575,0.233,1
0.552,0.215,1
0.562,0.208,1
0.543,0.223,1
0.580,0.240,1
0.561,0.221,1
0.551,0.262,1
0.541,0.240,1
0.561,0.221,1
0.552,0.215,1
0.576,0.246,1
0.561,0.224,1
0.563,0.220,1
0.577,0.216,1
0.570,0.213,1
0.560,0.227,1
0.533,0.210,1
0.544,0.224,1
0.555,0.239,1
0.575,0.227,1
0.554,0.256,1
0.570,0.205,1
0.537,0.204,1
0.527,0.267,1
0.533,0.225,1
0.503,0.268,1
0.522,0.268,1
0.527,0.276,1
0.515,0.241,1
0.539,0.256,1
0.451,0.349,1
0.434,0.369,1
0.421,0.349,1
0.443,0.350,1
0.425,0.329,1
0.435,0.345,1
0.444,0.370,1
0.401,0.419,1
0.388,0.402,1
0.365,0.430,1
0.374,0.380,1
0.378,0.409,1
0.361,0.436,1
0.387,0.415,1
0.384,0.409,1
0.388,0.396,1
0.388,0.419,1
0.375,0.455,1
0.363,0.440,1
0.385,0.447,1
0.371,0.420,1
0.386,0.472,1
0.361,0.471,1
0.350,0.448,1
0.379,0.463,1
0.373,0.455,1
0.357,0.419,1
0.379,0.459,1
0.364,0.473,1
0.355,0.445,1
0.377,0.458,1
0.389,0.473,1
0.374,0.469,1
0.384,0.457,1
0.368,0.473,1
0.365,0.477,1
0.395,0.474,1
0.380,0.455,1
0.352,0.482,1
0.353,0.512,1
0.379,0.479,1
0.374,0.517,1
0.396,0.462,1
0.374,0.471,1
0.375,0.493,1
0.375,0.488,1
0.356,0.456,1
0.358,0.466,1
0.392,0.482,1
0.397,0.507,1
0.392,0.537,1
0.368,0.532,1
0.382,0.538,1
0.364,0.515,1
0.373,0.548,1
0.377,0.529,1
0.372,0.548,1
0.378,0.542,1
0.363,0.546,1
0.347,0.556,1
0.363,0.536,1
0.363,0.558,1
0.378,0.522,1
0.393,0.533,1
0.395,0.540,1
0.398,0.566,1
0.398,0.565,1
0.360,0.574,1
0.376,0.562,1
0.370,0.539,1
0.384,0.593,1
0.376,0.554,1
0.384,0.582,1
0.383,0.586,1
0.389,0.598,1
0.381,0.573,1
0.373,0.580,1
0.389,0.592,1
0.402,0.613,1
0.377,0.582,1
0.406,0.588,1
0.366,0.572,1
0.398,0.598,1
0.370,0.584,1
0.391,0.591,1
0.394,0.557,1
0.376,0.610,1
0.359,0.622,1
0.397,0.596,1
0.394,0.639,1
0.400,0.608,1
0.421,0.613,1
0.351,0.597,1
0.410,0.626,1
0.393,0.593,1
0.370,0.609,1
0.375,0.649,1
0.387,0.632,1
0.362,0.655,1
0.394,0.608,1
0.391,0.635,1
0.404,0.641,1
0.396,0.619,1
0.385,0.618,1
0.360,0.614,1
0.391,0.626,1
0.402,0.612,1
0.370,0.639,1
0.383,0.563,1
0.385,0.638,1
0.389,0.608,1
0.385,0.640,1
0.388,0.579,1
0.374,0.591,1
0.385,0.599,1
0.386,0.576,1
0.373,0.601,1
0.400,0.623,1
0.363,0.560,1
0.371,0.562,1
0.351,0.499,1
0.361,0.533,1
0.369,0.488,1
0.358,0.543,1
0.376,0.534,1
0.400,0.520,1
0.373,0.507,1
0.401,0.506,1
0.374,0.480,1
0.384,0.528,1
0.412,0.515,1
0.390,0.524,1
0.386,0.530,1
0.401,0.443,1
0.380,0.469,1
0.397,0.468,1
0.375,0.455,1
0.400,0.421,1
0.380,0.435,1
0.401,0.485,1
0.408,0.390,1
0.401,0.402,1
0.402,0.448,1
0.379,0.435,1
0.393,0.398,1
0.435,0.400,1
0.383,0.432,1
0.373,0.347,1
0.423,0.347,1
0.404,0.348,1
0.427,0.361,1
0.407,0.334,1
0.403,0.354,1
0.399,0.378,1
0.399,0.330,1
0.434,0.355,1
0.439,0.352,1
0.394,0.338,1
0.428,0.327,1
0.401,0.333,1
0.426,0.341,1
0.413,0.303,1
0.404,0.326,1
0.447,0.313,1
0.426,0.313,1
0.419,0.318,1
0.425,0.319,1
0.416,0.342,1
0.427,0.268,1
0.442,0.318,1
0.449,0.300,1
0.434,0.326,1
0.464,0.281,1
0.469,0.298,1
0.456,0.296,1
0.507,0.294,1
0.459,0.288,1
0.475,0.304,1
0.480,0.302,1
0.486,0.314,1
0.510,0.253,1
0.472,0.306,1
0.519,0.264,1
0.513,0.216,1
0.518,0.292,1
0.523,0.232,1
0.551,0.274,1
0.493,0.260,1
0.535,0.266,1
0.539,0.266,1
0.534,0.247,1
0.555,0.239,1
0.562,0.227,1
0.568,0.259,1
0.554,0.270,1
0.563,0.278,1
0.572,0.248,1
0.572,0.266,1
0.602,0.252,1
0.589,0.253,1
0.572,0.254,1
0.573,0.230,1
0.569,0.281,1
0.638,0.255,1
0.663,0.253,1
0.622,0.269,1
0.666,0.237,1
0.645,0.255,1
0.652,0.236,1
0.643,0.257,1
0.663,0.209,1
0.692,0.265,1
0.663,0.230,1
0.654,0.236,1
0.668,0.236,1
0.662,0.213,1
0.658,0.218,1
0.652,0.264,1
0.688,0.184,1
0.686,0.233,1
0.680,0.236,1
0.688,0.199,1
0.670,0.244,1
0.696,0.204,1
0.709,0.230,1
0.714,0.232,1
0.716,0.205,1
0.710,0.207,1
0.730,0.239,1
0.719,0.206,1
0.709,0.242,1
0.692,0.234,1
0.715,0.225,1
0.691,0.228,1
0.704,0.222,1
0.710,0.221,1
0.742,0.225,1
0.704,0.195,1
0.690,0.242,1
0.713,0.194,1
0.700,0.218,1
0.721,0.204,1
0.712,0.214,1
0.718,0.204,1
0.717,0.211,1
0.690,0.202,1
0.724,0.186,1
0.695,0.209,1
0.696,0.208,1
0.695,0.224,1
0.723,0.248,1
0.727,0.222,1
0.691,0.204,1
0.706,0.233,1
0.686,0.181,1
0.709,0.219,1
0.689,0.197,1
0.695,0.210,1
0.684,0.226,1
0.660,0.216,1
0.684,0.216,1
0.681,0.227,1
0.676,0.193,1
0.692,0.187,1
0.685,0.207,1
0.691,0.192,1
0.647,0.209,1
0.644,0.206,1
0.623,0.233,1
0.655,0.223,1
0.632,0.228,1
0.622,0.222,1
0.617,0.213,1
0.540,0.214,1
0.535,0.242,1
0.555,0.220,1
0.559,0.243,1
0.566,0.230,1
0.552,0.184,1
0.543,0.251,1
0.504,0.281,1
0.484,0.266,1
0.473,0.274,1
0.471,0.268,1
0.492,0.275,1
0.488,0.263,1
0.489,0.269,1
0.420,0.308,1
0.403,0.300,1
0.403,0.319,1
0.431,0.296,1
0.436,0.332,1
0.455,0.281,1
0.441,0.308,1
0.416,0.340,1
0.412,0.368,1
0.395,0.358,1
0.419,0.345,1
0.399,0.350,1
0.407,0.348,1
0.406,0.379,1
0.415,0.395,1
0.404,0.402,1
0.398,0.385,1
0.426,0.414,1
0.395,0.412,1
0.405,0.388,1
0.385,0.401,1
0.396,0.436,1
0.392,0.441,1
0.404,0.451,1
0.376,0.431,1
0.383,0.425,1
0.414,0.434,1
0.415,0.414,1
0.371,0.498,1
0.376,0.490,1
0.368,0.508,1
0.396,0.482,1
0.383,0.495,1
0.396,0.488,1
0.386,0.507,1
0.372,0.506,1
0.368,0.507,1
0.388,0.503,1
0.378,0.515,1
0.371,0.511,1
0.362,0.517,1
0.391,0.548,1
0.349,0.545,1
0.380,0.538,1
0.377,0.544,1
0.384,0.564,1
0.391,0.533,1
0.387,0.535,1
0.375,0.511,1
0.361,0.536,1
0.375,0.590,1
0.357,0.547,1
0.367,0.585,1
0.367,0.553,1
0.342,0.519,1
0.369,0.560,1
0.399,0.576,1
0.382,0.587,1
0.379,0.560,1
0.381,0.617,1
0.379,0.581,1
0.386,0.594,1
0.382,0.586,1
0.387,0.593,1
0.398,0.606,1
0.382,0.595,1
0.394,0.585,1
0.419,0.599,1
0.376,0.604,1
0.353,0.605,1
0.378,0.616,1
0.386,0.627,1
0.379,0.614,1
0.390,0.597,1
0.386,0.590,1
0.371,0.601,1
0.363,0.620,1
0.378,0.623,1
0.383,0.617,1
0.364,0.644,1
0.401,0.622,1
0.387,0.623,1
0.358,0.628,1
0.368,0.616,1
0.418,0.616,1
0.385,0.613,1
0.380,0.616,1
0.390,0.610,1
0.392,0.643,1
0.372,0.614,1
0.392,0.578,1
0.377,0.520,1
0.364,0.498,1
0.346,0.523,1
0.357,0.452,1
0.370,0.457,1
0.377,0.526,1
0.370,0.504,1
0.389,0.394,1
0.398,0.423,1
0.376,0.398,1
0.365,0.388,1
0.381,0.391,1
0.359,0.395,1
0.355,0.393,1
0.403,0.322,1
0.362,0.316,1
0.381,0.298,1
0.408,0.297,1
0.399,0.294,1
0.375,0.301,1
0.382,0.279,1
0.392,0.231,1
0.419,0.263,1
0.415,0.262,1
0.407,0.264,1
0.415,0.255,1
0.418,0.217,1
0.403,0.225,1
0.411,0.189,1
0.436,0.238,1
0.438,0.204,1
0.429,0.232,1
0.435,0.247,1
0.454,0.242,1
0.452,0.225,1
0.474,0.199,1
0.459,0.179,1
0.451,0.199,1
0.445,0.219,1
0.455,0.207,1
0.447,0.223,1
0.443,0.192,1
0.477,0.207,1
0.482,0.211,1
0.472,0.242,1
0.473,0.204,1
0.482,0.186,1
0.474,0.179,1
0.466,0.218,1
0.512,0.198,1
0.498,0.189,1
0.494,0.169,1
0.509,0.173,1
0.477,0.194,1
0.480,0.188,1
0.507,0.171,1
0.509,0.206,1
0.512,0.163,1
0.551,0.185,1
0.529,0.201,1
0.513,0.187,1
0.512,0.191,1
0.501,0.191,1
0.547,0.186,1
0.541,0.194,1
0.531,0.198,1
0.533,0.231,1
0.554,0.205,1
0.547,0.163,1
0.537,0.182,1
0.587,0.234,1
0.559,0.181,1
0.558,0.190,1
0.572,0.182,1
0.598,0.197,1
0.582,0.216,1
0.595,0.188,1
0.613,0.170,1
0.616,0.209,1
0.594,0.173,1
0.607,0.208,1
0.606,0.208,1
0.610,0.180,1
0.625,0.177,1
0.667,0.215,1
0.670,0.208,1
0.662,0.190,1
0.668,0.197,1
0.650,0.194,1
0.668,0.181,1
0.637,0.165,1
0.725,0.193,1
0.714,0.206,1
0.717,0.217,1
0.733,0.208,1
0.718,0.188,1
0.712,0.226,1
0.711,0.202,1
0.775,0.196,1
0.782,0.224,1
0.779,0.202,1
0.756,0.269,1
0.763,0.196,1
0.747,0.221,1
0.777,0.210,1
0.790,0.225,1
0.777,0.234,1
0.764,0.219,1
0.789,0.226,1
0.767,0.258,1
0.786,0.250,1
0.769,0.200,1
0.787,0.287,1
0.790,0.231,1
0.807,0.260,1
0.769,0.226,1
0.809,0.220,1
0.799,0.227,1
0.767,0.224,1
0.784,0.254,1
0.790,0.238,1
0.806,0.241,1
0.812,0.259,1
0.797,0.261,1
0.775,0.241,1
0.812,0.253,1
0.822,0.264,1
0.809,0.255,1
0.787,0.274,1
0.829,0.289,1
0.779,0.270,1
0.811,0.238,1
0.807,0.285,1
0.799,0.280,1
0.803,0.302,1
0.816,0.302,1
0.799,0.305,1
0.791,0.305,1
0.806,0.293,1
0.822,0.277,1
0.808,0.312,1
0.799,0.290,1
0.819,0.316,1
0.831,0.326,1
0.820,0.321,1
0.817,0.353,1
0.812,0.324,1
0.852,0.353,1
0.808,0.303,1
0.795,0.336,1
0.809,0.349,1
0.847,0.327,1
0.814,0.317,1
0.831,0.317,1
0.835,0.348,1
0.813,0.341,1
0.835,0.350,1
0.809,0.362,1
0.806,0.387,1
0.823,0.338,1
0.826,0.329,1
0.807,0.387,1
0.838,0.369,1
0.818,0.386,1
0.850,0.385,1
0.832,0.332,1
0.823,0.372,1
0.834,0.408,1
0.843,0.441,1
0.808,0.380,1
0.842,0.403,1
0.849,0.432,1
0.819,0.433,1
0.826,0.423,1
0.836,0.414,1
0.809,0.470,1
0.824,0.419,1
0.848,0.450,1
0.835,0.415,1
0.823,0.456,1
0.817,0.461,1
0.845,0.473,1
0.834,0.480,1
0.865,0.450,1
0.825,0.470,1
0.839,0.484,1
0.855,0.484,1
0.824,0.487,1
0.838,0.501,1
0.803,0.503,1
0.840,0.478,1
0.865,0.504,1
0.835,0.507,1
0.832,0.518,1
0.820,0.502,1
0.836,0.512,1
0.865,0.517,1
0.829,0.495,1
0.854,0.527,1
0.866,0.538,1
0.825,0.516,1
0.855,0.526,1
0.825,0.547,1
0.826,0.557,1
0.831,0.547,1
0.855,0.563,1
0.826,0.548,1
0.839,0.567,1
0.833,0.546,1
0.843,0.565,1
0.844,0.619,1
0.839,0.617,1
0.849,0.595,1
0.834,0.583,1
0.833,0.593,1
0.846,0.603,1
0.832,0.580,1
0.837,0.581,1
0.863,0.630,1
0.834,0.616,1
0.817,0.600,1
0.826,0.600,1
0.865,0.635,1
0.833,0.623,1
0.831,0.634,1
0.834,0.631,1
0.829,0.597,1
0.818,0.631,1
0.840,0.623,1
0.824,0.625,1
0.849,0.631,1
0.834,0.663,1
0.832,0.595,1
0.828,0.616,1
0.823,0.652,1
0.860,0.650,1
0.845,0.623,1
0.829,0.654,1
0.825,0.667,1
0.846,0.633,1
0.838,0.634,1
0.843,0.659,1
0.843,0.650,1
0.829,0.657,1
0.836,0.621,1
0.853,0.650,1
0.826,0.646,1
0.833,0.643,1
0.819,0.638,1
0.829,0.648,1
0.810,0.633,1
0.830,0.649,1
0.854,0.669,1
0.836,0.634,1
0.828,0.648,1
0.813,0.657,1
0.812,0.659,1
0.818,0.669,1
0.819,0.667,1
0.815,0.675,1
0.827,0.679,1
0.835,0.641,1
0.824,0.635,1
0.842,0.672,1
0.836,0.646,1
0.834,0.647,1
0.829,0.674,1
0.843,0.673,1
0.838,0.683,1
0.852,0.675,1
0.849,0.644,1
0.837,0.670,1
0.829,0.646,1
0.500,0.271,1
0.516,0.264,1
0.507,0.269,1
0.526,0.237,1
0.513,0.233,1
0.506,0.221,1
0.515,0.260,1
